NaN	2014	1	209.01	150.03	11.348	0.774	0.686	2.807
NaN	2014	2	208.14	147.12	14.925	0.808	0.706	3.03
NaN	2014	3	209.69	146.6	8.142	0.766	0.673	2.758
NaN	2014	4	210.51	148.5	8.7	0.795	0.706	2.867
NaN	2014	5	207.55	149.12	9.202	0.812	0.704	2.978
NaN	2014	6	209.47	150.53	12.337	0.798	0.703	2.847
NaN	2014	7	209.28	150.95	15.578	0.754	0.689	2.749
NaN	2014	8	210.62	150	13.535	0.772	0.687	2.804
NaN	2014	9	208.69	151.79	12.38	0.791	0.705	2.864
NaN	2014	10	209.18	151.71	13.964	0.805	0.718	2.929
NaN	2014	11	208.94	151.16	11.473	0.769	0.687	2.788
NaN	2014	12	210.61	149.13	12.153	0.818	0.717	2.983
NaN	2014	13	209.51	148.18	11.441	0.744	0.664	2.645
NaN	2014	14	210.41	149.46	10.773	0.798	0.7	2.874
NaN	2014	15	211.04	148.86	8.802	0.787	0.69	2.827
NaN	2014	16	212	148.5	9.757	0.802	0.725	2.952
NaN	2014	17	212.09	148.74	9.717	0.81	0.725	2.921
NaN	2014	18	211.2	151.08	9.119	0.745	0.671	2.673
NaN	2014	19	211.22	151.3	12.989	0.771	0.679	2.752
NaN	2014	20	212.54	149.63	13.713	0.75	0.671	2.655
NaN	2014	21	212.12	149.64	14.949	0.777	0.69	2.772
NaN	2014	22	209.92	149.35	22.787	0.781	0.693	2.844
NaN	2014	23	212.2	148.81	13.785	0.809	0.742	2.962
NaN	2014	24	211.44	149.58	12.698	0.799	0.73	2.845
NaN	2014	25	211.84	149.35	9.52	0.846	0.735	2.98
NaN	2014	26	211.71	151.31	9.417	0.773	0.695	2.807
NaN	2014	27	211.7	151.58	12.304	0.762	0.705	2.692
NaN	2014	28	210.18	147.21	14.429	0.831	0.778	2.973
NaN	2014	29	210.32	148.41	12.258	0.772	0.723	2.804
NaN	2014	30	211.74	150.58	12.418	0.802	0.746	2.914
NaN	2014	31	213.34	148.23	8.643	0.801	0.743	2.897
NaN	2014	32	210.98	150.64	13.843	0.823	0.763	3.038
NaN	2014	33	210.71	151.85	9.248	0.817	0.767	2.989
NaN	2014	34	212.6	152.53	14.997	0.828	0.792	3.02
NaN	2014	35	212.5	150.84	13.62	0.766	0.697	2.737
NaN	2014	36	210.9	151.87	8.071	0.794	0.715	2.791
NaN	2014	37	213.56	153.06	13.728	0.787	0.723	2.838
NaN	2014	38	212.12	152.63	16.943	0.796	0.773	2.981
NaN	2014	39	211.84	152.55	12.056	0.753	0.673	2.675
NaN	2014	40	210.88	153.29	12.634	0.76	0.683	2.752
NaN	2014	41	211.8	152.01	12.676	0.78	0.682	2.722
NaN	2014	42	212.19	153.28	14.962	0.762	0.692	2.685
NaN	2014	43	211.75	155.15	8.767	0.757	0.692	2.759
NaN	2014	44	213.63	152.79	9.966	0.784	0.731	2.823
NaN	2014	45	212.15	152.11	11.461	0.83	0.727	2.856
NaN	2014	46	213.95	153.59	13.418	0.808	0.766	2.906
NaN	2014	47	213.8	151.11	7.946	0.775	0.724	2.811
NaN	2014	48	215.47	150.52	8.3	0.797	0.768	2.905
NaN	2014	49	214.91	150.38	9.122	0.789	0.73	2.799
NaN	2014	50	213.69	150.3	13.048	0.84	0.8	3.057
NaN	2014	51	213.5	149.2	11.959	0.817	0.795	3.08
NaN	2014	52	212.56	152.37	7.69	0.791	0.709	2.808
NaN	2014	53	212.73	152.09	11.917	0.813	0.769	3.003
NaN	2014	54	213.35	151.82	9.954	0.763	0.699	2.739
NaN	2014	55	212.99	152.06	12.624	0.752	0.678	2.697
NaN	2014	56	214.61	154.37	11.291	0.85	0.821	3.064
NaN	2014	57	215.1	153.17	8.191	0.876	0.801	3.125
NaN	2014	58	213.64	152.22	11.949	0.845	0.757	2.99
NaN	2014	59	213.24	151.99	9.292	0.773	0.729	2.858
NaN	2014	60	216.63	150.33	5.46	0.781	0.723	2.869
NaN	2014	61	212.64	152.11	6.739	0.855	0.8	3.105
NaN	2014	62	215.47	151.12	6.62	0.919	0.842	3.27
NaN	2014	63	215.34	150.9	7.21	0.936	0.846	3.347
NaN	2014	64	214.86	151.71	10.152	0.899	0.789	3.071
NaN	2014	65	216.37	152.25	6.143	0.851	0.766	3.091
NaN	2014	66	215.41	150.69	8.916	0.903	0.838	3.251
NaN	2014	67	214.19	150.96	6.4	0.869	0.826	3.219
NaN	2014	68	215.83	152.16	5.564	0.812	0.727	2.892
NaN	2014	69	214.22	150.88	6.905	0.841	0.733	3.017
NaN	2014	70	214.12	149.96	12.058	0.873	0.791	3.126
NaN	2014	71	215.27	152.19	15.831	0.852	0.799	3.088
NaN	2014	72	215.86	152.81	8.626	0.84	0.768	3.077
NaN	2014	73	217.7	150.45	10.627	0.772	0.681	2.756
NaN	2014	74	214.65	151.46	11.145	0.803	0.722	2.871
NaN	2014	75	214.91	150.7	13.412	0.785	0.705	2.82
NaN	2014	76	212.94	153.34	5.957	0.861	0.803	3.148
NaN	2014	77	214.52	152.39	8.335	0.825	0.761	2.965
NaN	2014	78	213.2	152.94	10.923	0.852	0.767	3.117
NaN	2014	79	215.35	154.8	15.485	0.857	0.766	3.135
NaN	2014	80	214.88	151.1	8.535	0.819	0.729	2.968
NaN	2014	81	213.42	152.04	5.624	0.805	0.721	2.873
NaN	2014	82	215.81	153.57	10.286	0.787	0.694	2.828
NaN	2014	83	216.25	151.93	10.698	0.793	0.709	2.838
NaN	2014	84	215.47	154.12	6.804	0.857	0.766	3.117
NaN	2014	85	215.14	153.13	10.804	0.845	0.776	3.07
NaN	2014	86	213.86	151.74	12.827	0.862	0.769	3.108
NaN	2014	87	216	153.5	13.397	0.864	0.745	3.121
NaN	2014	88	213.33	152.63	8.446	0.841	0.729	2.986
NaN	2014	89	215.4	151.05	13.165	0.853	0.77	3.072
NaN	2014	90	214.77	153.1	6.863	0.982	0.932	3.689
NaN	2014	91	211.62	152.42	9.855	0.896	0.765	3.04
NaN	2014	92	195.32	147.92	-9.027	0.754	0.663	2.671
NaN	2014	93	126.25	128.67	-9.631	0.778	0.689	2.764
NaN	2014	94	118.4	128.68	-4.674	0.785	0.709	2.856
NaN	2014	95	116.55	127.02	-4.015	0.764	0.68	2.718
NaN	2014	96	114.93	128.08	-2.792	0.779	0.681	2.707
NaN	2014	97	111.58	127.06	-6.058	0.773	0.687	2.76
NaN	2014	98	109.21	127.85	-6.616	0.782	0.727	2.914
NaN	2014	99	111.74	127.73	-9.742	0.752	0.675	2.663
NaN	2014	100	109.58	126.87	-6.718	0.81	0.726	2.889
NaN	2014	101	108.86	128.67	-8.157	0.821	0.748	2.918
NaN	2014	102	105.43	128.52	-2.653	0.823	0.732	2.91
NaN	2014	103	106.01	127.43	-6.578	0.783	0.695	2.733
NaN	2014	104	105.71	128.78	-2.259	1.167	1.01	3.877
NaN	2014	105	105.59	128.29	-7.374	0.777	0.681	2.71
NaN	2014	106	104.3	129.85	-10.902	0.842	0.708	2.838
NaN	2014	107	105.26	128.45	-6.015	0.773	0.698	2.76
NaN	2014	108	104.9	128.73	-7.911	0.754	0.673	2.674
NaN	2014	109	105.34	128.71	-4.15	0.746	0.673	2.624
NaN	2014	110	103.21	129.1	-7.202	0.757	0.686	2.736
NaN	2014	111	105.01	128.54	-8.285	0.764	0.684	2.674
NaN	2014	112	104.92	128.63	-8.628	0.752	0.687	2.694
NaN	2014	113	104.6	130.59	-7.118	0.754	0.676	2.662
NaN	2014	114	104.28	127.67	-1.374	0.784	0.709	2.833
NaN	2014	115	104.66	128.62	-6.88	0.74	0.665	2.59
NaN	2014	116	104.41	128.2	-8.612	0.767	0.678	2.679
NaN	2014	117	103.33	129.86	-7.225	0.76	0.686	2.711
NaN	2014	118	104.01	128.73	-4.658	0.801	0.695	2.717
NaN	2014	119	103.17	129.61	-7.109	0.761	0.671	2.632
NaN	2014	120	103.36	130.01	-5.129	0.799	0.708	2.808
NaN	2014	121	102.05	128.72	-5.138	0.756	0.675	2.694
NaN	2014	122	103.61	129.43	-5.689	0.757	0.679	2.705
NaN	2014	123	101.66	128.56	-5.675	0.771	0.68	2.678
NaN	2014	124	99.481	129.39	-5.047	0.804	0.693	2.752
NaN	2014	125	101.23	129.09	-7.2	0.747	0.686	2.679
NaN	2014	126	101.5	129.05	-9.579	0.741	0.666	2.622
NaN	2014	127	102.06	131.06	-7.976	0.754	0.67	2.663
NaN	2014	128	102.04	130.47	-7.078	0.772	0.695	2.671
NaN	2014	129	98.905	131.94	-5.022	0.771	0.7	2.753
NaN	2014	130	102.33	129.53	-5.49	0.745	0.665	2.622
NaN	2014	131	101.22	128.5	-3.23	0.753	0.666	2.662
NaN	2014	132	100.12	129.33	-3.277	0.745	0.672	2.639
NaN	2014	133	100.64	127.94	-4.909	0.764	0.679	2.704
NaN	2014	134	101.61	129.25	-4.923	0.773	0.675	2.72
NaN	2014	135	100.26	128.4	-6.123	0.746	0.674	2.641
NaN	2014	136	97.779	129.17	-8.644	0.78	0.685	2.703
NaN	2014	137	99.676	128.93	-3.309	0.738	0.663	2.597
NaN	2014	138	101.34	128.79	-5.337	0.759	0.703	2.756
NaN	2014	139	101.71	129.69	-7.544	0.736	0.654	2.57
NaN	2014	140	100.68	129.67	-1.881	0.756	0.68	2.667
NaN	2014	141	99.398	128.85	-6.005	0.757	0.669	2.642
NaN	2014	142	100.41	129.18	-6.264	0.741	0.658	2.617
NaN	2014	143	99.456	129.19	-7.29	0.768	0.674	2.677
NaN	2014	144	99.198	130.03	-13.714	0.747	0.665	2.645
NaN	2014	145	99.106	129.04	-8.353	0.75	0.683	2.677
NaN	2014	146	98.305	129.4	-9.003	0.749	0.666	2.632
NaN	2014	147	99.969	129.45	-9.352	0.77	0.72	2.771
NaN	2014	148	98.877	130.4	-11.252	0.76	0.672	2.674
NaN	2014	149	99.049	129.97	-4.508	0.773	0.694	2.685
NaN	2014	150	97.941	129.55	-9.556	0.784	0.681	2.716
NaN	2014	151	99.222	128.41	-8.601	0.754	0.667	2.644
NaN	2014	152	97.948	128.72	-9.905	0.753	0.673	2.627
NaN	2014	153	99.088	128.92	-10.843	0.757	0.679	2.645
NaN	2014	154	98.62	129.69	-2.234	0.763	0.708	2.74
NaN	2014	155	97.732	129.78	-9.281	0.771	0.689	2.674
NaN	2014	156	98.253	128.07	-7.586	0.793	0.698	2.777
NaN	2014	157	97.546	129.98	-5.813	0.785	0.68	2.68
NaN	2014	158	98.129	128.54	-9.869	0.77	0.677	2.711
NaN	2014	159	97.428	128.34	-8.58	0.751	0.678	2.636
NaN	2014	160	98.844	129.75	-10.145	0.76	0.683	2.694
NaN	2014	161	98.696	129.22	-7.35	0.75	0.67	2.646
NaN	2014	162	98.884	130.81	-7.366	0.792	0.704	2.756
NaN	2014	163	98.101	129.49	-8.486	0.781	0.685	2.694
NaN	2014	164	99.001	128.64	-9.477	0.778	0.693	2.652
NaN	2014	165	98.901	129.69	-8.011	0.752	0.67	2.617
NaN	2014	166	99.02	127.99	-6.405	0.756	0.679	2.686
NaN	2014	167	98.097	129.83	-7.312	0.8	0.685	2.823
NaN	2014	168	99.688	129.98	-7.39	0.756	0.673	2.643
NaN	2014	169	97.131	127.73	-12.389	0.761	0.678	2.677
NaN	2014	170	97.985	129.91	-12.027	0.751	0.674	2.65
NaN	2014	171	98.331	127.03	-12.54	0.775	0.687	2.737
NaN	2014	172	99.056	128.31	-11.119	0.762	0.681	2.717
NaN	2014	173	98.177	128.84	-7.707	0.753	0.676	2.671
NaN	2014	174	98.324	130.66	-9.117	0.753	0.68	2.646
NaN	2014	175	99.081	129.09	-6.542	0.769	0.679	2.646
NaN	2014	176	96.471	127.83	-7.47	0.752	0.665	2.602
NaN	2014	177	94.934	129.47	-10.869	0.751	0.665	2.622
NaN	2014	178	96.463	129.45	-9.054	0.755	0.668	2.633
NaN	2014	179	99.767	128.48	-7.543	0.778	0.683	2.727
NaN	2014	180	99.089	128.54	-4.218	0.747	0.673	2.663
NaN	2014	181	99.165	128.84	-7.719	0.739	0.671	2.63
NaN	2014	182	97.607	128.85	-7.884	0.743	0.668	2.646
NaN	2014	183	97.283	128.1	-4.958	0.737	0.658	2.578
NaN	2014	184	96.882	129.41	-7.118	0.738	0.669	2.603
NaN	2014	185	96.456	127.51	-4.107	0.746	0.674	2.646
NaN	2014	186	97.581	127.28	-7.002	0.748	0.667	2.642
NaN	2014	187	98.26	128.3	-5.68	0.738	0.655	2.581
NaN	2014	188	98.66	128.21	-6.781	0.749	0.666	2.621
NaN	2014	189	97.176	129.69	-7.911	0.754	0.685	2.667
NaN	2014	190	98.528	129.62	-5.927	0.734	0.673	2.607
NaN	2014	191	99.976	128.69	-3.248	0.753	0.675	2.664
NaN	2014	192	96.113	129.12	-3.628	0.738	0.673	2.635
NaN	2014	193	95.707	129.26	-2.402	0.78	0.694	2.726
NaN	2014	194	96.718	128.95	-5.233	0.759	0.714	2.802
NaN	2014	195	96.755	129.08	-7.244	0.733	0.661	2.57
NaN	2014	196	96.658	128.97	-4.964	0.764	0.681	2.708
NaN	2014	197	96.931	129.19	-5.162	0.774	0.674	2.65
NaN	2014	198	96.628	128.02	-5.833	0.759	0.664	2.627
NaN	2014	199	96.606	127.73	-5.577	0.779	0.684	2.647
NaN	2014	200	95.673	128.03	-12.094	0.792	0.705	2.705
NaN	2014	201	96.946	127.73	-7.277	0.772	0.699	2.754
NaN	2014	202	99.17	127.6	-5.678	0.745	0.668	2.608
NaN	2014	203	96.339	128.28	-6.839	0.75	0.664	2.605
NaN	2014	204	94.305	126.8	-2.872	0.752	0.67	2.633
NaN	2014	205	96.399	127.6	-6.054	0.745	0.658	2.59
NaN	2014	206	98.379	127.72	-3.717	0.754	0.67	2.66
NaN	2014	207	98.125	128.77	-9.191	0.761	0.676	2.641
NaN	2014	208	99.853	128.39	-4.402	0.773	0.685	2.723
NaN	2014	209	98.098	129.45	-3.323	0.748	0.671	2.606
NaN	2014	210	97.329	130.45	-3.161	0.762	0.687	2.717
NaN	2014	211	97.09	128.12	-7.421	0.777	0.693	2.697
NaN	2014	212	95.573	128.71	-5.57	0.76	0.674	2.679
NaN	2014	213	96.446	130.12	-5.442	0.748	0.667	2.605
NaN	2014	214	98.201	127.61	-9.474	0.777	0.691	2.709
NaN	2014	215	96.694	127.68	-8.153	0.764	0.688	2.684
NaN	2014	216	99.926	125.35	-6.448	0.751	0.672	2.628
NaN	2014	217	98.536	127.54	-7.991	0.759	0.678	2.633
NaN	2014	218	97.582	128.11	-7.133	0.749	0.659	2.587
NaN	2014	219	99.298	128.21	-9.493	0.781	0.697	2.769
NaN	2014	220	98.654	126.92	-7.013	0.775	0.687	2.782
NaN	2014	221	98.489	127.49	-7.223	0.766	0.683	2.693
NaN	2014	222	97.815	126.5	-9.122	0.767	0.698	2.756
NaN	2014	223	97.448	127.44	-8.45	0.75	0.666	2.606
NaN	2014	224	98.078	128.57	-9.726	0.752	0.676	2.623
NaN	2014	225	100.37	126.43	-3.399	0.745	0.666	2.592
NaN	2014	226	100.13	127.3	-5.525	0.779	0.691	2.676
NaN	2014	227	100.45	128.48	-1.801	0.779	0.709	2.852
NaN	2014	228	98.915	129.21	-8.653	0.793	0.686	2.687
NaN	2014	229	98.88	127.46	-6.526	0.743	0.664	2.56
NaN	2014	230	99.042	128.93	-8.82	0.768	0.677	2.614
NaN	2014	231	99.765	130.27	-6.629	0.76	0.665	2.625
NaN	2014	232	100.16	128.8	-8.373	0.781	0.688	2.672
NaN	2014	233	98.983	129.97	-5.684	0.807	0.723	2.934
NaN	2014	234	98.665	129.43	-6.892	0.787	0.692	2.701
NaN	2014	235	98.558	131.7	-6.574	0.764	0.671	2.662
NaN	2014	236	99.028	128.65	-4.034	0.762	0.664	2.618
NaN	2014	237	99.958	129.84	-4.102	0.759	0.675	2.653
NaN	2014	238	97.726	128.89	-6.94	0.762	0.682	2.668
NaN	2014	239	99.873	127.65	-7.794	0.75	0.66	2.567
NaN	2014	274	97.812	132.09	-2.52	0.738	0.662	2.596
NaN	2014	275	98.424	132.23	-4.479	0.847	0.735	2.91
NaN	2014	276	98.377	132.98	-0.748	0.815	0.71	2.751
NaN	2014	277	97.804	130.57	-1.471	0.819	0.738	2.836
NaN	2014	278	99.877	131.38	-3.642	0.729	0.66	2.549
NaN	2014	279	98.678	131.57	-2.309	0.778	0.691	2.706
NaN	2014	280	97.74	131.03	-4.92	0.788	0.686	2.7
NaN	2014	281	97.661	131.35	-5.753	0.772	0.675	2.687
NaN	2014	282	97.844	132.6	-4.206	0.83	0.726	2.816
NaN	2014	283	97.317	130.18	-3.292	0.764	0.674	2.648
NaN	2014	284	98.471	132.09	-3.545	0.739	0.678	2.636
NaN	2014	285	98.527	131.66	-9.399	0.754	0.687	2.708
NaN	2014	286	96.569	128.15	-5.329	0.762	0.677	2.625
NaN	2014	287	96.587	128.95	-11.251	0.738	0.669	2.64
NaN	2014	288	97.207	131.31	-3.547	0.783	0.679	2.701
NaN	2014	289	96.504	132.34	-4.896	0.77	0.7	2.756
NaN	2014	290	97.5	132.94	-5.894	0.776	0.691	2.786
NaN	2014	291	95.457	132.33	-2.632	0.824	0.735	2.89
NaN	2014	292	96.86	130.98	-8.577	0.826	0.739	2.885
NaN	2014	293	97.882	129.69	-2.663	0.818	0.727	2.851
NaN	2014	294	98.214	130.7	-7.28	0.756	0.684	2.682
NaN	2014	295	97.13	130.39	-7.903	0.774	0.693	2.777
NaN	2014	296	96.743	131.42	-3.367	0.793	0.716	2.847
NaN	2014	297	98.108	128.69	-6.768	0.802	0.739	2.849
NaN	2014	298	97.288	131.85	-4.146	0.807	0.727	2.887
NaN	2014	299	97.163	130.71	-2.308	0.808	0.746	2.865
NaN	2014	300	96.554	130.03	-3.052	0.835	0.738	2.956
NaN	2014	301	97.575	130.13	-3.805	0.743	0.688	2.679
NaN	2014	302	95.603	131.93	2.235	0.751	0.693	2.759
NaN	2014	303	97.978	132.67	-5.834	0.753	0.698	2.753
NaN	2014	304	96.46	131.59	-0.146	0.732	0.683	2.713
NaN	2014	305	98.245	132.58	-2.67	0.756	0.701	2.757
NaN	2014	306	96.551	131.95	0.105	0.723	0.672	2.622
NaN	2014	307	97.224	131.99	0.144	0.82	0.764	3.05
NaN	2014	308	97.409	132.28	-4.884	0.731	0.665	2.625
NaN	2014	309	98.149	131.62	-4.861	0.726	0.678	2.685
NaN	2014	310	99.11	133.49	2.405	0.81	0.778	3.001
NaN	2014	311	98.777	133.62	-2.353	0.739	0.691	2.698
NaN	2014	312	97.492	133.1	-3.069	0.774	0.697	2.733
NaN	2014	313	98.823	134.19	-0.415	0.748	0.687	2.719
NaN	2014	314	98.674	134.36	-3.329	0.776	0.726	2.883
NaN	2014	315	97.312	135.91	4.002	0.741	0.701	2.771
NaN	2014	316	96.523	133.72	1.122	0.721	0.67	2.642
NaN	2014	317	97.326	134.56	-2.926	0.806	0.713	2.917
NaN	2014	318	98.499	134.28	-1.838	0.8	0.729	2.887
NaN	2014	319	99.805	134.61	1.872	0.783	0.724	2.976
NaN	2014	320	101.23	136.21	2.543	0.794	0.714	2.898
NaN	2014	321	98.524	136.13	-1.929	0.806	0.719	2.957
NaN	2014	322	98.091	135.74	4.215	0.825	0.738	2.953
NaN	2014	323	100.02	136.1	2.967	0.811	0.746	2.977
NaN	2014	324	99.815	135.43	-0.688	0.904	0.77	3.069
NaN	2014	325	100.73	135.97	5.376	0.821	0.757	2.94
NaN	2014	326	97.859	136.67	-0.765	0.798	0.718	2.821
NaN	2014	327	98.899	136.85	-3.255	0.767	0.703	2.835
NaN	2014	328	98.522	134.65	2.571	0.907	0.798	3.42
NaN	2014	329	99.064	135.82	1.124	0.823	0.73	2.92
NaN	2014	330	99.012	134.49	0.245	0.855	0.733	2.94
NaN	2014	331	100.96	136.14	-1.577	0.793	0.715	2.871
NaN	2014	332	100.97	137.4	-4.932	0.754	0.693	2.75
NaN	2014	333	98.607	136.04	-0.889	0.801	0.708	2.906
NaN	2014	334	99.094	137.17	-1.82	0.816	0.736	2.951
NaN	2014	335	97.883	134.06	-2.092	0.784	0.703	2.884
NaN	2014	336	98.777	135.25	-3.952	0.782	0.701	2.887
NaN	2014	337	98.656	137.75	-1.675	0.775	0.703	2.798
NaN	2014	338	96.568	135.37	-0.537	0.806	0.729	2.933
NaN	2014	339	98.997	135.98	0.064	0.728	0.671	2.7
NaN	2014	340	99.26	137.6	-3.415	0.751	0.701	2.804
NaN	2014	341	98.776	135.04	-1.813	0.799	0.721	2.939
NaN	2014	342	98.116	137.06	-0.59	0.742	0.679	2.765
NaN	2014	343	98.668	137.05	2.211	0.769	0.713	2.832
NaN	2014	344	98.867	137.66	-3.963	0.821	0.711	2.981
NaN	2014	345	99.992	136.47	2.544	0.785	0.731	2.954
NaN	2014	346	98.937	137.32	-1.897	0.756	0.691	2.811
NaN	2014	347	98.939	137.4	-6.399	0.713	0.66	2.634
NaN	2014	348	101.44	136.45	-3.999	0.718	0.669	2.654
NaN	2014	349	99.891	137.18	-2.39	0.772	0.694	2.834
NaN	2014	350	100.41	136.31	-0.949	0.75	0.688	2.733
NaN	2014	351	100.22	135.18	-4.758	0.799	0.734	3.006
NaN	2014	352	99.481	136.11	-0.752	0.768	0.679	2.797
NaN	2014	353	100.13	136.81	2.257	0.756	0.688	2.804
NaN	2014	354	98.806	137.11	-3.595	0.778	0.69	2.807
NaN	2014	355	98.158	137.18	-0.069	0.772	0.704	2.806
NaN	2014	356	99.341	138.6	-0.008	0.781	0.69	2.873
NaN	2014	357	99.986	137.49	-1.581	0.95	0.806	3.25
NaN	2014	358	100.6	137.01	-4.733	1.026	0.952	3.605
NaN	2014	359	101.4	136.37	-0.684	1.019	0.97	3.689
NaN	2014	360	98.761	136.27	-3.135	1.059	0.955	3.734
NaN	2014	361	97.538	132.49	-3.627	1.407	1.388	5.708
NaN	2014	362	102.06	137.46	-1.235	1.006	0.914	3.524
NaN	2014	363	99.497	136.92	-1.193	1.33	1.312	5.4
NaN	2014	364	102.48	137.54	0.906	0.793	0.733	2.872
NaN	2014	365	100.15	136	5.589	0.864	0.796	3.176
NaN	2015	1	100.7	139.48	1.202	1.066	0.919	3.775
NaN	2015	2	99.597	137.26	-3.295	1.472	1.389	5.637
NaN	2015	3	100.26	139.03	1.904	0.772	0.71	2.769
NaN	2015	4	100.13	137.09	-1.482	0.784	0.711	2.818
NaN	2015	5	98.413	138.34	0.51	0.858	0.764	3.02
NaN	2015	6	100.58	138.91	-3.993	0.794	0.712	2.842
NaN	2015	7	100.12	139.02	0.418	0.79	0.741	2.898
NaN	2015	8	99.645	139.2	4.358	0.757	0.716	2.811
NaN	2015	9	100.03	140.22	-0.166	0.767	0.735	2.909
NaN	2015	10	100.55	139.21	1.015	0.756	0.694	2.755
NaN	2015	11	101.25	138.88	-3.19	0.767	0.694	2.709
NaN	2015	12	101.39	137.73	0.498	0.764	0.713	2.768
NaN	2015	13	100.82	137.21	2.533	0.761	0.697	2.706
NaN	2015	14	101.3	138.28	2.337	0.751	0.696	2.682
NaN	2015	15	101.69	138.43	-5.144	0.739	0.691	2.691
NaN	2015	16	104.07	137.7	-4.189	0.787	0.723	2.972
NaN	2015	17	100.84	135.93	-4.349	0.755	0.687	2.721
NaN	2015	18	99.196	137.31	-5.1	0.813	0.738	3.019
NaN	2015	19	100.84	136.57	-5.647	0.766	0.705	2.808
NaN	2015	20	101.15	138.68	-8.95	0.761	0.694	2.743
NaN	2015	21	102.66	138.29	-0.957	0.741	0.682	2.685
NaN	2015	22	104.64	135.98	-2.171	0.744	0.689	2.709
NaN	2015	23	105.64	136.08	-5.408	0.782	0.702	2.788
NaN	2015	24	102.74	136.27	-3.685	0.805	0.761	2.975
NaN	2015	25	103.23	138.13	-3.876	0.772	0.718	2.826
NaN	2015	26	102.66	137.65	-2.889	0.737	0.684	2.67
NaN	2015	27	101.4	136.77	-3.57	0.781	0.7	2.803
NaN	2015	28	103.7	139.33	-6.519	0.787	0.709	2.772
NaN	2015	29	101.76	137.4	-4.526	0.869	0.752	2.93
NaN	2015	30	102.32	139.93	-0.319	0.8	0.725	2.946
NaN	2015	31	101.53	137.63	-2.49	0.806	0.727	2.848
NaN	2015	32	101.45	138.15	-7.91	0.746	0.68	2.67
NaN	2015	33	102.27	137.08	-7.374	0.817	0.774	2.977
NaN	2015	34	104.64	137.59	-8.933	0.815	0.748	2.99
NaN	2015	35	102.6	138.27	-4.468	0.783	0.733	2.832
NaN	2015	36	102.51	139.43	-6.951	0.839	0.751	3.078
NaN	2015	37	102.18	138.24	-5.566	0.833	0.79	2.991
NaN	2015	38	102.21	139.96	-9.647	0.864	0.773	3.078
NaN	2015	39	104.24	137.69	-5.971	0.814	0.77	2.953
NaN	2015	40	101.78	137.72	-7.883	0.769	0.693	2.697
NaN	2015	41	99.83	137.71	-8.047	0.783	0.691	2.698
NaN	2015	42	100.54	140.31	-2.866	0.822	0.752	2.929
NaN	2015	43	101.93	139.78	-2.9	0.808	0.745	2.986
NaN	2015	44	102.65	139.69	0.261	0.869	0.785	3.018
NaN	2015	45	101.79	139.5	-2.865	0.882	0.791	3.234
NaN	2015	46	103.02	139.95	-1.823	0.839	0.737	2.935
NaN	2015	47	102.77	136.95	-3.903	0.839	0.759	2.902
NaN	2015	48	102.11	138.34	-8.513	0.88	0.791	3.073
NaN	2015	49	102.34	139.32	-9.331	0.844	0.776	2.967
NaN	2015	50	102.96	140.46	-7.054	0.871	0.804	3.061
NaN	2015	51	105.47	137.93	-3.884	0.826	0.761	2.929
NaN	2015	52	103.44	139.12	-6.555	0.76	0.678	2.654
NaN	2015	53	103.6	135.99	-4	0.817	0.736	2.859
NaN	2015	54	102.5	139.69	-4.11	0.802	0.729	2.858
NaN	2015	55	103.3	139.53	-3.15	0.777	0.7	2.74
NaN	2015	56	102.93	138.15	-4.1	0.821	0.726	2.87
NaN	2015	57	102.77	138.87	0.078	0.804	0.732	2.808
NaN	2015	58	103.43	139.83	-4.914	0.81	0.728	2.896
NaN	2015	59	103.69	140.29	-6.55	0.77	0.688	2.71
NaN	2015	60	103.75	140.47	-7.588	0.834	0.787	2.969
NaN	2015	61	103.44	138.69	-2.905	0.829	0.746	2.886
NaN	2015	62	101.31	139.06	-2.424	0.87	0.793	3.134
NaN	2015	63	102.08	141.15	1.603	0.775	0.689	2.722
NaN	2015	64	103.82	138.81	-1.353	0.8	0.699	2.794
NaN	2015	65	103.76	139.26	0.207	0.804	0.699	2.815
NaN	2015	66	101.83	141.57	-0.864	0.865	0.757	3.056
NaN	2015	67	103.05	140.43	-0.168	0.795	0.725	2.847
NaN	2015	68	101.55	139.76	-1.73	0.865	0.793	3.03
NaN	2015	69	103.51	138.92	-7.152	0.998	0.908	3.694
NaN	2015	84	105.28	142.57	-1.709	1.447	1.247	4.803
NaN	2015	85	105.22	142.97	-4.536	0.863	0.782	3.124
NaN	2015	86	104.67	140.47	-4.056	0.806	0.714	2.804
NaN	2015	87	105.01	138.94	-7.372	0.812	0.724	2.835
NaN	2015	88	101.68	141.1	-8.459	0.804	0.714	2.782
NaN	2015	89	102.62	140.76	-5.029	0.841	0.743	2.933
NaN	2015	90	102.58	141.15	-8.14	0.808	0.721	2.832
NaN	2015	91	104.3	141.27	-1.239	0.766	0.694	2.722
NaN	2015	92	103.97	140.73	-1.572	0.759	0.679	2.669
NaN	2015	93	105.34	141.53	-0.964	0.757	0.685	2.668
NaN	2015	94	105.18	140.62	-0.065	0.781	0.699	2.747
NaN	2015	95	104.81	142.69	-4.09	0.808	0.73	2.887
NaN	2015	96	105.34	140.38	5.089	0.766	0.688	2.718
NaN	2015	97	106.1	141.5	0.717	0.814	0.72	2.926
NaN	2015	98	106.04	139.9	-4.766	0.761	0.686	2.701
NaN	2015	99	105.29	139.55	-2.83	0.758	0.686	2.697
NaN	2015	100	106.25	140.82	-6.569	0.873	0.784	3.095
NaN	2015	101	105.43	140.87	-4.059	0.806	0.712	2.875
NaN	2015	102	104.83	140.68	0.374	0.784	0.701	2.788
NaN	2015	103	106.31	141.5	-9.473	0.757	0.693	2.699
NaN	2015	104	104.33	141.03	-2.468	0.755	0.682	2.685
NaN	2015	105	105.18	141.14	-2.855	0.788	0.699	2.769
NaN	2015	106	106.99	140.83	-2.843	0.786	0.703	2.778
NaN	2015	107	104.85	141.04	-3.305	0.773	0.691	2.776
NaN	2015	108	105.61	142.1	-4.281	0.777	0.702	2.815
NaN	2015	109	105.51	140.98	-7.642	0.749	0.681	2.668
NaN	2015	110	106.59	140.37	-6.108	0.744	0.682	2.666
NaN	2015	111	107.72	139.52	-5.299	0.761	0.678	2.702
NaN	2015	112	103.9	140.41	-6.707	0.759	0.682	2.715
NaN	2015	113	104.2	142.6	-3.411	0.746	0.666	2.66
NaN	2015	114	105.32	142.56	-3.894	0.743	0.667	2.666
NaN	2015	115	105.25	142.49	-2.873	0.772	0.68	2.77
NaN	2015	116	106.78	141.5	-4.359	0.75	0.67	2.674
NaN	2015	117	105.21	144.1	-5.567	0.745	0.668	2.658
NaN	2015	118	106.3	141.06	-5.09	0.745	0.66	2.627
NaN	2015	119	104.17	142.15	-4.972	0.742	0.661	2.631
NaN	2015	120	108.73	143.89	-2.275	0.759	0.677	2.674
NaN	2015	121	105.35	141.19	-3.393	0.758	0.679	2.693
NaN	2015	122	104.55	141.71	-3.948	0.74	0.667	2.65
NaN	2015	123	106.59	142.58	-5.605	0.743	0.666	2.646
NaN	2015	124	106.52	142.89	-4.312	0.745	0.666	2.67
NaN	2015	125	106.8	142.09	-6.349	0.745	0.667	2.667
NaN	2015	126	105.88	143.49	-2.889	0.746	0.672	2.671
NaN	2015	127	106.47	142.91	-5.534	0.75	0.675	2.699
NaN	2015	128	106.09	144.55	1.742	0.736	0.668	2.614
NaN	2015	129	105.7	145.58	-0.56	0.743	0.667	2.642
NaN	2015	130	108.03	144.21	-2.26	0.741	0.668	2.63
NaN	2015	131	106.3	143.7	-4.142	0.739	0.666	2.617
NaN	2015	132	106.11	143.26	-3.718	0.766	0.673	2.674
NaN	2015	133	106.78	144.45	-3.708	0.8	0.688	2.758
NaN	2015	134	104.5	143.14	-3.599	0.738	0.664	2.621
NaN	2015	135	104.92	142.08	-3.492	0.741	0.668	2.655
NaN	2015	136	105.68	143.32	-3.749	0.734	0.666	2.615
NaN	2015	137	107.16	143.52	-5.382	0.741	0.673	2.646
NaN	2015	138	105.17	143.49	-1.774	0.741	0.671	2.659
NaN	2015	139	106.01	144.82	-3.723	0.768	0.68	2.681
NaN	2015	140	105.63	143.48	-5.507	0.739	0.667	2.629
NaN	2015	141	106.12	141.59	-4.241	0.735	0.667	2.616
NaN	2015	142	106.86	142.96	-5.695	0.733	0.67	2.628
NaN	2015	143	108.04	139.94	-4.447	0.734	0.666	2.632
NaN	2015	144	107.41	141.62	-7.087	0.736	0.667	2.632
NaN	2015	145	107.07	144.92	-3.472	0.743	0.671	2.679
NaN	2015	146	109.97	143.23	-7.265	0.738	0.668	2.651
NaN	2015	147	109.54	144.31	-2.613	0.737	0.667	2.627
NaN	2015	148	108.96	144.69	-4.916	0.759	0.677	2.653
NaN	2015	149	107.94	144.53	-5.436	0.726	0.659	2.581
NaN	2015	150	106.37	145.31	-5.624	0.735	0.663	2.613
NaN	2015	151	108.44	144.98	-1.958	0.727	0.66	2.576
NaN	2015	152	107.77	144.91	-2.763	0.736	0.668	2.629
NaN	2015	153	105.95	145.26	-1.412	0.733	0.669	2.61
NaN	2015	154	109.61	144.93	-0.371	0.731	0.668	2.615
NaN	2015	155	109.93	145.16	-1.983	0.732	0.664	2.618
NaN	2015	156	109.18	145.67	-5.461	0.74	0.679	2.685
NaN	2015	157	106.73	143.83	-8.648	0.73	0.666	2.595
NaN	2015	158	108.37	143.97	-8.675	0.732	0.667	2.612
NaN	2015	159	109.01	144.65	-5.797	0.731	0.668	2.608
NaN	2015	160	108.62	143.97	-10.482	0.729	0.667	2.603
NaN	2015	161	107.81	142.05	-6.378	0.725	0.663	2.565
NaN	2015	162	108.11	141.94	-3.933	0.774	0.687	2.68
NaN	2015	163	108.18	143.51	-1.413	0.731	0.669	2.592
NaN	2015	164	109.46	141.75	-1.349	0.727	0.668	2.589
NaN	2015	165	107.48	146.19	0.985	0.731	0.667	2.6
NaN	2015	166	108.16	142.53	-0.382	0.733	0.683	2.684
NaN	2015	167	107.44	142.2	-0.346	0.734	0.669	2.62
NaN	2015	168	108.79	142.92	-1.328	0.737	0.689	2.709
NaN	2015	169	108.91	144.03	-2.27	0.74	0.688	2.645
NaN	2015	170	110.1	144.81	-0.126	0.737	0.681	2.639
NaN	2015	171	109.15	145.34	1.62	0.731	0.669	2.61
NaN	2015	172	109.42	143.32	-2.049	0.739	0.671	2.65
NaN	2015	173	107.86	141.95	-3.752	0.739	0.67	2.639
NaN	2015	174	107.9	146	-1.406	0.749	0.68	2.663
NaN	2015	175	108.13	144.78	-2.918	0.747	0.671	2.618
NaN	2015	176	107.65	144.37	-3.581	0.748	0.685	2.671
NaN	2015	177	108.52	143.69	-4.641	0.76	0.678	2.692
NaN	2015	178	107.63	144.73	-5.763	0.74	0.672	2.658
NaN	2015	179	107.58	143.97	-5.729	0.732	0.664	2.59
NaN	2015	180	106.83	143.61	1.206	0.731	0.665	2.603
NaN	2015	181	108.59	143.36	-7.19	0.761	0.684	2.655
NaN	2015	182	109.33	145.36	0.394	0.767	0.68	2.682
NaN	2015	183	108.26	144.09	-0.554	0.76	0.675	2.644
NaN	2015	184	107.95	144.92	-1.958	0.737	0.664	2.624
NaN	2015	185	108.39	145.26	-0.145	0.74	0.667	2.645
NaN	2015	186	109.4	144.37	2.456	0.742	0.675	2.663
NaN	2015	187	107.03	143.04	-1.194	0.735	0.665	2.633
NaN	2015	188	108.04	142.02	-1.269	0.73	0.664	2.591
NaN	2015	189	109.23	142.49	-1.956	0.73	0.664	2.591
NaN	2015	190	107.83	141.4	-1.455	0.728	0.662	2.575
NaN	2015	191	108.03	143.72	-0.697	0.736	0.668	2.626
NaN	2015	192	108.33	142.84	-4.171	0.742	0.687	2.708
NaN	2015	193	106.99	145.35	-1.303	0.736	0.665	2.623
NaN	2015	194	107.81	144.64	-1.833	0.731	0.663	2.592
NaN	2015	195	108.44	142.46	-0.92	0.733	0.661	2.601
NaN	2015	196	108.65	141.98	-3.018	0.728	0.662	2.587
NaN	2015	197	108.73	142.79	-4.465	0.74	0.685	2.698
NaN	2015	198	110.67	143.87	-1.034	0.737	0.681	2.693
NaN	2015	199	109.69	143.93	-3.786	0.744	0.684	2.71
NaN	2015	200	109.94	142.62	-1.851	0.737	0.678	2.673
NaN	2015	201	110.7	143.27	1.24	0.735	0.681	2.679
NaN	2015	202	109.38	141.23	-5.483	0.734	0.681	2.681
NaN	2015	203	110.11	141.95	-5.358	0.74	0.684	2.721
NaN	2015	204	110.7	142.53	-6.553	0.735	0.679	2.674
NaN	2015	205	110.81	145.32	-2.434	0.736	0.684	2.684
NaN	2015	206	111.01	144.25	-1.978	0.736	0.685	2.678
NaN	2015	207	110.2	143.97	-0.513	0.743	0.685	2.71
NaN	2015	208	109.92	142.44	-2.946	0.732	0.679	2.648
NaN	2015	209	109.06	143.45	-4.14	0.774	0.7	2.807
NaN	2015	210	109.62	142.68	-2.547	0.767	0.697	2.783
NaN	2015	211	108.86	143.37	-1.188	0.738	0.686	2.704
NaN	2015	212	110.61	142.28	-1.676	0.733	0.68	2.665
NaN	2015	213	108.62	145.1	-6.62	0.73	0.676	2.643
NaN	2015	214	111.06	142.63	-0.683	0.736	0.683	2.685
NaN	2015	215	110.37	142.96	-2.146	0.734	0.68	2.671
NaN	2015	216	108.64	144.06	-5.508	0.743	0.686	2.728
NaN	2015	217	107.89	142.92	-2.863	0.735	0.687	2.71
NaN	2015	218	109.74	144.54	1.111	0.737	0.685	2.694
NaN	2015	219	109.61	144	-4.485	0.736	0.681	2.685
NaN	2015	220	110.24	144.2	-3.191	0.759	0.69	2.727
NaN	2015	221	109.61	141.41	-7.574	0.775	0.702	2.802
NaN	2015	222	107.94	142.6	-9.556	0.739	0.679	2.67
NaN	2015	223	109.42	143	-3.06	0.744	0.691	2.727
NaN	2015	224	109.55	142.52	-5.836	0.74	0.684	2.693
NaN	2015	225	108.97	143.41	-6.103	0.728	0.674	2.685
NaN	2015	226	109.35	145.18	-4.069	0.714	0.653	2.588
NaN	2015	227	108.3	144.16	-3.039	0.731	0.672	2.64
NaN	2015	228	109.39	143.45	-8.808	0.748	0.679	2.706
NaN	2015	229	109.61	143.14	-0.949	0.741	0.676	2.683
NaN	2015	230	110.16	142.34	-7.288	0.745	0.673	2.687
NaN	2015	231	109.76	142.18	-6.041	0.782	0.701	2.796
NaN	2015	232	110.56	143.04	-4.081	0.735	0.675	2.664
NaN	2015	233	110.78	143.17	0.968	0.732	0.672	2.646
NaN	2015	234	110.93	142.73	-5.209	0.731	0.674	2.653
NaN	2015	235	111.45	145.26	-2.247	0.736	0.674	2.664
NaN	2015	236	110.74	145	-4.518	0.739	0.671	2.657
NaN	2015	237	109.25	144.25	-2.866	0.736	0.684	2.68
NaN	2015	238	109.84	142.87	-4.73	0.731	0.67	2.635
NaN	2015	239	111.75	144.6	-4.692	0.757	0.692	2.709
NaN	2015	240	110.3	143.63	-5.22	0.759	0.691	2.723
NaN	2015	241	110.38	144.09	-6.379	0.73	0.67	2.622
NaN	2015	242	110.71	143.94	-3.958	0.737	0.669	2.651
NaN	2015	243	110.86	145.04	-5.227	0.73	0.67	2.631
NaN	2015	244	112.2	147.34	-2.315	0.758	0.683	2.714
NaN	2015	245	111.88	144.88	-2.382	0.749	0.685	2.686
NaN	2015	246	110.79	144.61	-2.135	0.734	0.676	2.677
NaN	2015	247	112.96	144.78	-3.582	0.781	0.689	2.747
NaN	2015	248	111.43	144.84	-4.818	0.734	0.672	2.667
NaN	2015	249	110.72	145.14	-3.765	0.737	0.673	2.661
NaN	2015	250	111.59	144.88	0.555	0.754	0.687	2.727
NaN	2015	251	111.58	143.62	-3.331	0.732	0.672	2.652
NaN	2015	252	109.12	145.76	-5.16	0.723	0.672	2.619
NaN	2015	253	110.34	143.02	-3.471	0.73	0.667	2.633
NaN	2015	254	111.08	144.58	-4.67	0.767	0.697	2.748
NaN	2015	255	110.62	144.35	-3.239	0.73	0.667	2.629
NaN	2015	256	110.28	144.56	-5.565	0.784	0.708	2.784
NaN	2015	257	111.31	146.44	0.579	0.73	0.674	2.642
NaN	2015	258	111.25	144.88	-1.286	0.726	0.673	2.641
NaN	2015	259	110.42	145.1	4.532	0.739	0.675	2.645
NaN	2015	260	112.41	143.96	-0.6	0.738	0.675	2.66
NaN	2015	261	110.65	144.17	-3.349	0.758	0.678	2.694
NaN	2015	262	110.48	144.39	-0.371	0.761	0.686	2.708
NaN	2015	263	111.13	143.93	-0.339	0.73	0.674	2.647
NaN	2015	264	109.72	144.38	-1.084	0.724	0.671	2.623
NaN	2015	265	109.71	145.72	-0.301	0.732	0.672	2.652
NaN	2015	266	109.79	144.76	-2.86	0.791	0.707	2.793
NaN	2015	267	109.5	145.32	2.045	0.759	0.687	2.696
NaN	2015	268	109.89	146.89	0.476	0.752	0.688	2.709
NaN	2015	269	111.79	146.51	-5.095	0.778	0.697	2.728
NaN	2015	270	110.45	145.91	-1.938	0.762	0.687	2.734
NaN	2015	271	110.27	146.2	-5.053	0.794	0.733	2.837
NaN	2015	272	110.33	145.16	-4.161	0.779	0.709	2.784
NaN	2015	273	109.2	146.76	0.665	0.842	0.769	2.976
NaN	2015	274	108.06	147.61	-1.253	0.786	0.715	2.806
NaN	2015	275	106.86	143.95	-2.238	0.743	0.684	2.71
NaN	2015	276	108.82	147.31	-3.962	0.771	0.712	2.84
NaN	2015	277	108.34	149.55	-2.648	0.749	0.689	2.678
NaN	2015	278	109.87	149.15	-3.576	0.73	0.671	2.631
NaN	2015	279	109.8	148.04	-0.651	0.788	0.705	2.765
NaN	2015	280	109.31	146.57	-4.234	0.727	0.679	2.655
NaN	2015	281	111.55	144.74	-3.023	0.725	0.675	2.64
NaN	2015	282	111.46	149.31	4.922	0.731	0.679	2.679
NaN	2015	283	110.19	147.47	-1.418	0.729	0.679	2.667
NaN	2015	284	110.85	147.58	0.456	0.733	0.676	2.677
NaN	2015	285	110.26	146.3	-1.094	0.752	0.694	2.68
NaN	2015	286	109.38	147.38	-5.345	0.734	0.681	2.677
NaN	2015	287	111.8	147.12	-0.798	0.736	0.681	2.662
NaN	2015	288	110.95	147.39	-2.276	0.8	0.732	2.898
NaN	2015	289	111.33	148.87	0.981	0.761	0.704	2.809
NaN	2015	290	112.49	148.04	1.844	0.809	0.733	2.941
NaN	2015	291	111.63	149.81	-2.018	0.778	0.733	2.899
NaN	2015	292	113.23	148.51	2.099	0.738	0.685	2.734
NaN	2015	293	113.82	146.44	0.714	0.761	0.732	2.809
NaN	2015	294	110.54	147.72	2.563	0.822	0.752	3.03
NaN	2015	295	111.9	147.37	2.907	0.783	0.739	2.887
NaN	2015	296	110.89	146.85	1.309	0.785	0.721	2.825
NaN	2015	297	111.6	147.1	-1.59	0.784	0.713	2.8
NaN	2015	298	111	146.61	1.778	0.755	0.701	2.72
NaN	2015	299	112.79	148.6	1.972	0.779	0.736	2.864
NaN	2015	300	112.41	147.22	0.005	0.764	0.71	2.768
NaN	2015	301	113.53	145.96	0.096	0.73	0.679	2.674
NaN	2015	302	112.08	145.7	0.898	0.754	0.705	2.746
NaN	2015	303	112.53	144.33	-2.285	0.752	0.706	2.777
NaN	2015	304	112.59	146.07	1.662	0.716	0.676	2.619
NaN	2015	305	114.26	148.38	1.418	0.718	0.676	2.637
NaN	2015	306	113.72	146.76	1.535	0.738	0.704	2.723
NaN	2015	307	111.68	147.63	1.302	0.798	0.732	2.874
NaN	2015	308	111.49	149.36	2.853	0.752	0.705	2.751
NaN	2015	309	113.56	148.27	1.41	0.811	0.758	3.03
NaN	2015	310	114.62	149.19	-1.04	0.787	0.745	2.878
NaN	2015	311	112.17	149.62	2.241	0.745	0.703	2.706
NaN	2015	312	112.84	148.08	2.125	0.752	0.712	2.732
NaN	2015	313	112.07	148.87	1.504	0.747	0.688	2.723
NaN	2015	314	109.43	147.85	3.239	0.763	0.71	2.825
NaN	2015	315	111.11	147.76	2.41	0.762	0.717	2.828
NaN	2015	316	111.87	146.15	2.616	0.771	0.739	2.872
NaN	2015	317	113.41	147.54	5.037	0.775	0.751	2.852
NaN	2015	318	112.88	149.5	2.442	0.789	0.727	2.908
NaN	2015	319	110.75	151.2	-0.159	0.757	0.709	2.783
NaN	2015	320	112.17	151.23	1.14	0.762	0.696	2.744
NaN	2015	321	111.45	149.04	4.064	0.741	0.691	2.699
NaN	2015	322	113.04	148.19	-0.11	0.751	0.711	2.719
NaN	2015	323	113.92	148.46	0.286	0.731	0.697	2.662
NaN	2015	324	111.78	146.62	-1.653	0.764	0.737	2.825
NaN	2015	325	111.63	147.22	-1.278	0.814	0.762	3.066
NaN	2015	326	111.9	149.31	0.17	0.749	0.711	2.745
NaN	2015	327	113.39	150.09	-2.635	0.743	0.689	2.742
NaN	2015	328	112.65	150.53	0.304	0.752	0.697	2.778
NaN	2015	329	111.75	150.17	3.835	0.773	0.733	2.883
NaN	2015	330	113.85	150.75	-0.207	0.783	0.74	2.916
NaN	2015	331	113.67	149.84	2.632	0.778	0.737	2.881
NaN	2015	332	112.61	149.67	4.557	0.75	0.698	2.765
NaN	2015	333	113.93	149.86	1.617	0.744	0.689	2.716
NaN	2015	334	114.31	150.63	7.695	0.745	0.7	2.759
NaN	2015	335	112.27	151.94	-0.824	0.763	0.725	2.828
NaN	2015	336	114.39	148.67	-5.15	0.732	0.691	2.7
NaN	2015	337	114.02	149.81	-1.397	0.754	0.701	2.774
NaN	2015	338	114.76	149.61	1.639	0.741	0.69	2.706
NaN	2015	339	114.26	150.4	0.978	0.742	0.694	2.73
NaN	2015	340	115.26	147.23	-1.037	0.735	0.694	2.728
NaN	2015	341	115.66	148.71	3.7	0.751	0.723	2.804
NaN	2015	342	115.25	149.06	0.07	0.781	0.754	2.995
NaN	2015	343	114.54	150.32	-3.064	0.774	0.717	2.919
NaN	2015	344	115.47	149.32	-6.063	0.753	0.718	2.808
NaN	2015	345	116.99	149.56	-5.475	0.747	0.706	2.766
NaN	2015	346	115.34	148.6	-0.657	0.749	0.691	2.752
NaN	2015	347	114.42	150.09	0.2	0.739	0.705	2.742
NaN	2015	348	115.32	150.18	2.51	0.748	0.698	2.739
NaN	2015	349	117	151.18	1.737	0.736	0.677	2.68
NaN	2015	350	114.57	151.02	5.356	0.737	0.691	2.74
NaN	2015	351	113.98	150.05	0.155	0.761	0.708	2.746
NaN	2015	352	117.06	149.85	-0.833	0.764	0.703	2.735
NaN	2015	353	116.97	150.47	-2.288	0.744	0.689	2.748
NaN	2015	354	114.64	150.93	-0.893	0.727	0.679	2.659
NaN	2015	355	115.64	149.77	-1.76	0.742	0.693	2.754
NaN	2015	356	115.86	150	5.538	0.744	0.687	2.735
NaN	2015	357	115.15	150.91	-2.243	0.772	0.72	2.851
NaN	2015	358	114.43	150.51	-3.124	0.745	0.688	2.696
NaN	2015	359	113.56	150.19	-1.241	0.73	0.678	2.67
NaN	2015	360	114.49	150.26	1.961	0.737	0.68	2.674
NaN	2015	361	114.72	152.7	1.356	0.729	0.671	2.64
NaN	2015	362	115.19	152.94	-0.997	0.726	0.684	2.651
NaN	2015	363	115.69	151.81	0.022	0.724	0.675	2.64
NaN	2015	364	115.6	152.99	1.842	0.733	0.677	2.667
NaN	2015	365	116.46	150.69	3.608	0.722	0.679	2.659
NaN	2016	1	115.96	151.16	-0.676	0.737	0.676	2.73
NaN	2016	2	114.17	152.69	0.872	0.734	0.703	2.756
NaN	2016	3	115.7	152.56	7.198	0.721	0.702	2.739
NaN	2016	4	116.22	150.85	0.369	0.719	0.679	2.691
NaN	2016	5	117.3	152.46	-3.686	0.718	0.667	2.662
NaN	2016	6	117.94	150.43	-0.416	0.723	0.697	2.756
NaN	2016	7	113.5	151.42	-5.427	0.751	0.702	2.876
NaN	2016	8	114.4	151.69	3.689	0.731	0.725	2.894
NaN	2016	9	116.72	151.92	6.063	0.753	0.724	2.889
NaN	2016	10	114.24	152.61	1.97	0.73	0.698	2.72
NaN	2016	11	114.07	151.38	0.937	0.714	0.673	2.669
NaN	2016	12	115.04	150.49	-1.258	0.705	0.664	2.615
NaN	2016	13	115.85	151.14	3.189	0.718	0.677	2.686
NaN	2016	14	115.88	151.08	0.195	0.715	0.663	2.658
NaN	2016	15	115.26	151.4	0.267	0.718	0.699	2.744
NaN	2016	16	115.7	152.55	0.755	0.711	0.675	2.664
NaN	2016	17	116.77	150.68	-0.659	0.715	0.679	2.679
NaN	2016	18	116.57	152.23	2.936	0.718	0.683	2.739
NaN	2016	19	116.58	151.83	-1.191	0.752	0.698	2.861
NaN	2016	20	116.68	153.66	-2.648	0.737	0.676	2.768
NaN	2016	21	117.93	153.77	-1.526	0.711	0.671	2.674
NaN	2016	22	116.95	152.62	-4.466	0.709	0.669	2.656
NaN	2016	23	117.89	153.72	-5.756	0.727	0.692	2.802
NaN	2016	24	116	150.92	2.62	0.726	0.693	2.763
NaN	2016	25	118.5	153.47	1.913	0.764	0.749	2.942
NaN	2016	26	118.67	150.78	-0.843	0.744	0.685	2.774
NaN	2016	27	118.21	152.6	0.427	0.742	0.697	2.781
NaN	2016	28	117.21	152.24	-0.04	0.732	0.672	2.672
NaN	2016	29	119.59	154.5	-1.095	0.779	0.729	2.889
NaN	2016	30	119.97	152.51	3.582	0.719	0.671	2.632
NaN	2016	31	118.68	153.12	2.461	0.771	0.717	2.894
NaN	2016	32	117.79	152.66	1.467	0.736	0.693	2.742
NaN	2016	33	119.72	152.26	-1.662	0.726	0.677	2.699
NaN	2016	34	117.53	152.32	0.541	0.733	0.683	2.718
NaN	2016	35	117.52	151.98	1.968	0.762	0.701	2.808
NaN	2016	36	119.03	151.77	1.06	0.738	0.706	2.824
NaN	2016	37	119.46	152.39	-6.16	0.734	0.684	2.777
NaN	2016	38	120.36	152.55	0.679	0.746	0.699	2.834
NaN	2016	39	119.2	151.77	-1.425	0.776	0.713	2.963
NaN	2016	40	118.66	152.31	4.606	0.741	0.703	2.819
NaN	2016	41	119.79	152.38	10.233	0.74	0.7	2.824
NaN	2016	42	118.42	151.68	1.977	0.778	0.74	2.988
NaN	2016	43	120.58	152.35	3.936	0.736	0.703	2.851
NaN	2016	44	117.57	152.59	1.781	0.749	0.709	2.865
NaN	2016	45	118.62	152.59	4.004	0.773	0.732	2.947
NaN	2016	46	119.42	150.29	-3.352	0.775	0.733	2.916
NaN	2016	47	118.66	149.08	7.209	0.733	0.676	2.775
NaN	2016	48	120.48	154.24	2.284	0.734	0.689	2.807
NaN	2016	49	119.17	154.04	8.285	0.729	0.688	2.783
NaN	2016	50	120.16	152.33	5.57	0.762	0.71	2.869
NaN	2016	51	117.03	151.85	1.443	0.768	0.737	2.983
NaN	2016	52	121.44	153.06	-3.615	0.727	0.683	2.757
NaN	2016	53	119.63	152.96	-3.01	0.724	0.679	2.75
NaN	2016	54	118.6	152.86	0.801	0.724	0.684	2.75
NaN	2016	55	119.91	151.97	5.433	0.718	0.677	2.742
NaN	2016	56	118.45	152.53	4.457	0.75	0.696	2.863
NaN	2016	57	119.6	153.84	1.252	0.735	0.689	2.755
NaN	2016	58	120.64	153.29	0.341	0.729	0.675	2.762
NaN	2016	59	121.4	151.3	-0.893	0.735	0.7	2.842
NaN	2016	60	122.08	154.41	-0.672	0.744	0.701	2.9
NaN	2016	61	119.86	156.46	1.94	0.736	0.694	2.805
NaN	2016	62	120.5	152.67	-2.645	0.739	0.697	2.772
NaN	2016	63	120.06	153.49	-0.552	0.762	0.72	2.912
NaN	2016	64	120.25	154.02	2.901	0.781	0.723	2.955
NaN	2016	65	121.81	157.22	-0.187	0.722	0.677	2.743
NaN	2016	66	121.05	155.21	-2.863	0.773	0.733	2.946
NaN	2016	67	120.35	154.16	-1.504	0.742	0.705	2.798
NaN	2016	68	119.81	152.58	-4.156	0.773	0.709	2.827
NaN	2016	69	118.2	154.82	-2.306	0.725	0.676	2.761
NaN	2016	70	120.41	157.22	-1.884	0.704	0.678	2.767
NaN	2016	71	118.38	152.8	-3.274	0.746	0.723	2.875
NaN	2016	72	122.06	155.39	-4.577	0.754	0.715	2.914
NaN	2016	73	121.94	155.15	-5.611	0.749	0.722	2.88
NaN	2016	74	121.54	153.78	-2.324	0.738	0.721	2.923
NaN	2016	75	119.2	153.07	-5.708	0.71	0.694	2.793
NaN	2016	76	121.08	154.27	0.745	0.755	0.775	3.011
NaN	2016	77	122.48	157.42	-3.211	0.756	0.712	2.931
NaN	2016	78	119.67	153.89	-4.872	0.729	0.706	2.864
NaN	2016	79	120.5	153.78	-3.632	0.721	0.681	2.766
NaN	2016	80	119.06	155.31	-3.968	0.697	0.668	2.7
NaN	2016	81	121.38	156.26	-3.061	0.693	0.663	2.668
NaN	2016	82	119.73	155.41	-0.095	0.704	0.68	2.735
NaN	2016	83	118.05	154.45	-3.219	0.713	0.683	2.795
NaN	2016	84	119.3	153.9	-3.238	0.696	0.67	2.703
NaN	2016	85	119.95	152.63	-4.845	0.695	0.668	2.689
NaN	2016	86	120.9	152.02	-0.381	0.691	0.669	2.67
NaN	2016	87	121.1	155.05	-0.938	0.689	0.669	2.657
NaN	2016	88	122.11	154.53	-2.988	0.691	0.669	2.681
NaN	2016	89	121.84	155.09	-0.211	0.712	0.675	2.718
NaN	2016	90	120.66	156.75	-4.052	0.714	0.691	2.748
NaN	2016	91	123.32	156.13	-2.368	0.692	0.667	2.681
NaN	2016	92	119.71	155.08	-4.9	0.699	0.67	2.694
NaN	2016	93	120.17	157.76	1.696	0.708	0.676	2.744
NaN	2016	94	121.75	156.17	-7.314	0.703	0.68	2.747
NaN	2016	95	120.83	155.81	0.631	0.699	0.675	2.737
NaN	2016	96	120.67	153.58	-2.04	0.702	0.669	2.727
NaN	2016	97	120.39	154.08	-2.975	0.69	0.667	2.675
NaN	2016	98	121.41	153.7	2.034	0.695	0.67	2.701
NaN	2016	99	120.62	154.88	1.553	0.708	0.672	2.739
NaN	2016	100	122.02	156.29	1.209	0.693	0.673	2.687
NaN	2016	101	121.87	154.24	-4.948	0.696	0.667	2.682
NaN	2016	102	121.94	155.37	1.134	0.698	0.663	2.691
NaN	2016	103	120.47	157.45	-5.987	0.696	0.672	2.699
NaN	2016	104	121.64	154.85	-3.555	0.715	0.689	2.776
NaN	2016	105	121.5	155.96	-5.038	0.692	0.67	2.686
NaN	2016	106	121.43	158.72	2.067	0.693	0.668	2.687
NaN	2016	107	121.08	155.62	-0.113	0.691	0.666	2.675
NaN	2016	108	122.12	156.75	-0.914	0.702	0.672	2.738
NaN	2016	109	121.26	155.45	0.644	0.702	0.677	2.737
NaN	2016	110	122.9	157.02	-0.299	0.736	0.689	2.826
NaN	2016	111	120.13	155.3	5.995	0.719	0.682	2.713
NaN	2016	112	119.57	157.17	-0.087	0.693	0.668	2.68
NaN	2016	113	123.93	155.54	2.775	0.692	0.667	2.663
NaN	2016	114	121.51	157.05	3.796	0.692	0.666	2.67
NaN	2016	115	122.8	157.13	-0.105	0.687	0.667	2.643
NaN	2016	116	122.8	160.06	-0.433	0.69	0.668	2.661
NaN	2016	117	121.72	156.96	0.45	0.694	0.67	2.682
NaN	2016	118	122.64	158.55	-1.941	0.695	0.675	2.713
NaN	2016	119	122.69	158.63	-2.046	0.686	0.667	2.661
NaN	2016	120	123.03	159.64	0.564	0.695	0.668	2.701
NaN	2016	121	122	157.67	3.623	0.692	0.667	2.681
NaN	2016	122	123.25	157.24	5.372	0.69	0.667	2.669
NaN	2016	123	126.45	158.54	5.155	0.71	0.679	2.73
NaN	2016	124	122.32	155.23	-4.735	0.715	0.672	2.747
NaN	2016	125	123.74	156.59	-4.039	0.707	0.676	2.718
NaN	2016	126	120.93	158.09	-4.496	0.714	0.678	2.748
NaN	2016	127	123.26	159.06	4.942	0.745	0.701	2.819
NaN	2016	128	122.88	157.82	5.794	0.699	0.689	2.71
NaN	2016	129	121.57	156.09	-3.702	0.704	0.686	2.743
NaN	2016	130	124.14	157.65	-2.53	0.694	0.667	2.704
NaN	2016	131	123.4	155.14	0.956	0.693	0.669	2.705
NaN	2016	132	122.42	156.97	3.718	0.703	0.672	2.753
NaN	2016	133	122.66	156.69	1.099	0.695	0.669	2.704
NaN	2016	134	120.42	158.58	0.281	0.69	0.665	2.682
NaN	2016	135	123.33	157.98	-1.756	0.689	0.669	2.684
NaN	2016	136	123.07	156.78	1.205	0.692	0.668	2.682
NaN	2016	137	122.33	155.98	-0.957	0.691	0.662	2.659
NaN	2016	138	123.11	157.34	-1.017	0.693	0.669	2.695
NaN	2016	139	122.64	157.19	-2.75	0.69	0.667	2.671
NaN	2016	140	124.69	157.25	-0.264	0.708	0.677	2.72
NaN	2016	141	123.5	157.36	3.196	0.692	0.67	2.692
NaN	2016	142	123.3	157.08	0.942	0.696	0.669	2.717
NaN	2016	143	123.7	158.05	-3.55	0.692	0.665	2.677
NaN	2016	144	124.64	158.36	-1.653	0.687	0.666	2.673
NaN	2016	145	123.45	156.98	-1.982	0.691	0.668	2.677
NaN	2016	146	124.23	157.66	2.13	0.69	0.665	2.658
NaN	2016	147	124.88	157.96	2.562	0.69	0.665	2.658
NaN	2016	148	123.41	158.32	1.155	0.709	0.674	2.713
NaN	2016	149	124.73	158.3	-3.12	0.695	0.671	2.689
NaN	2016	150	124.88	159.44	2.067	0.687	0.671	2.679
NaN	2016	151	124.07	156.69	-4.048	0.686	0.666	2.646
NaN	2016	152	123.97	156.43	-4.157	0.69	0.667	2.659
NaN	2016	153	122.22	156.21	-1.009	0.688	0.666	2.646
NaN	2016	154	122.56	156.26	-4.589	0.69	0.667	2.671
NaN	2016	155	121.87	158.94	-1.602	0.69	0.669	2.683
NaN	2016	156	123.2	158.68	0.455	0.695	0.669	2.694
NaN	2016	157	124.35	159.6	-0.367	0.695	0.67	2.692
NaN	2016	158	123.17	159.55	-5.1	0.693	0.669	2.679
NaN	2016	159	123.31	158.25	-3.242	0.692	0.669	2.687
NaN	2016	160	124.7	157.58	-1.948	0.692	0.667	2.665
NaN	2016	161	124.63	160.03	-1.957	0.688	0.668	2.665
NaN	2016	162	124.41	158.62	0.286	0.693	0.668	2.686
NaN	2016	163	124.41	159.2	-5.96	0.693	0.672	2.695
NaN	2016	164	124.66	158.21	-5.801	0.694	0.667	2.676
NaN	2016	165	123.52	157.59	-2.108	0.696	0.672	2.685
NaN	2016	166	127.76	157.27	3.876	0.693	0.67	2.669
NaN	2016	167	123.41	158.09	0.484	0.693	0.669	2.669
NaN	2016	168	124.11	156.56	2.3	0.692	0.667	2.655
NaN	2016	169	124.14	160.26	3.443	0.692	0.667	2.668
NaN	2016	170	125.33	155.83	1.443	0.691	0.667	2.665
NaN	2016	171	125.05	157.93	-0.755	0.689	0.669	2.663
NaN	2016	172	124.88	158.64	1.213	0.69	0.669	2.664
NaN	2016	173	127.62	159.9	0.339	0.694	0.666	2.667
NaN	2016	174	125.05	158.72	-0.969	0.686	0.661	2.638
NaN	2016	175	125.88	159.6	2.591	0.695	0.667	2.656
NaN	2016	176	124.16	158.41	3.334	0.717	0.678	2.751
NaN	2016	177	124.21	157.65	2.665	0.691	0.667	2.665
NaN	2016	178	124.79	157.17	0.117	0.694	0.67	2.672
NaN	2016	179	124.57	158.52	0.574	0.692	0.664	2.663
NaN	2016	180	125.45	159.5	0.053	0.697	0.668	2.705
NaN	2016	181	125.29	157.89	0.475	0.698	0.668	2.701
NaN	2016	182	124.44	158.04	2.794	0.695	0.664	2.672
NaN	2016	183	124.82	158.96	1.082	0.694	0.667	2.68
NaN	2016	184	125.28	159.35	-0.88	0.693	0.672	2.682
NaN	2016	185	126.42	158.18	-1.989	0.716	0.684	2.729
NaN	2016	186	126.67	159.18	0.905	0.715	0.679	2.727
NaN	2016	187	126.45	156.85	0.767	0.694	0.665	2.68
NaN	2016	188	125.78	157.33	-0.291	0.691	0.667	2.674
NaN	2016	189	128.48	158.84	4.29	0.696	0.67	2.698
NaN	2016	190	126.14	158.64	-2.274	0.722	0.689	2.751
NaN	2016	191	127.36	157.79	3.059	0.692	0.665	2.642
NaN	2016	192	127.37	159.06	0.85	0.693	0.668	2.69
NaN	2016	193	127.44	158.09	3.481	0.691	0.668	2.669
NaN	2016	194	124.79	158.55	0.501	0.692	0.666	2.651
NaN	2016	195	125.72	158.32	-1.395	0.685	0.666	2.623
NaN	2016	196	125.57	158.39	2.821	0.691	0.67	2.662
NaN	2016	197	125.92	160.38	1.822	0.691	0.674	2.665
NaN	2016	198	125.81	159.42	2.339	0.691	0.664	2.641
NaN	2016	199	127.01	158.04	0.477	0.687	0.665	2.633
NaN	2016	200	126.94	159.12	-0.986	0.695	0.67	2.682
NaN	2016	201	127.08	161.71	-0.88	0.695	0.672	2.691
NaN	2016	202	128.3	161.49	-1.333	0.717	0.682	2.739
NaN	2016	203	127.72	161.46	-1.416	0.693	0.668	2.676
NaN	2016	204	127.03	158.22	0.164	0.703	0.679	2.684
NaN	2016	205	128.51	157.85	-0.203	0.698	0.664	2.671
NaN	2016	206	128.76	160.2	5.288	0.695	0.669	2.676
NaN	2016	207	127.61	157.99	5.483	0.695	0.671	2.669
NaN	2016	208	128.29	156.93	1.944	0.71	0.694	2.811
NaN	2016	209	126.95	158.86	0.43	0.708	0.686	2.776
NaN	2016	210	127.62	158.64	-2.03	0.694	0.662	2.648
NaN	2016	211	126.83	158.43	1.417	0.722	0.678	2.705
NaN	2016	212	128.53	157.66	1.751	0.695	0.665	2.676
NaN	2016	213	126.12	157.55	1.894	0.697	0.671	2.697
NaN	2016	214	126.97	162.59	-1.081	0.693	0.666	2.663
NaN	2016	215	127.41	158.08	-0.258	0.691	0.663	2.665
NaN	2016	216	126.05	157.51	1.102	0.695	0.668	2.667
NaN	2016	217	127.56	157.87	1.266	0.692	0.665	2.654
NaN	2016	218	129.31	158.84	1.803	0.693	0.672	2.691
NaN	2016	219	128.46	158.45	4.172	0.698	0.673	2.69
NaN	2016	220	127.17	159.34	-0.247	0.694	0.67	2.668
NaN	2016	221	128.24	160.2	3.483	0.69	0.662	2.626
NaN	2016	222	128.99	159.58	-0.445	0.695	0.671	2.642
NaN	2016	223	129.15	161.08	-1.487	0.692	0.666	2.642
NaN	2016	224	129	158.6	2.416	0.691	0.666	2.636
NaN	2016	225	127.09	159.03	-1.826	0.693	0.668	2.644
NaN	2016	226	127.89	160.37	-2.257	0.692	0.663	2.643
NaN	2016	227	127.78	159.12	0.009	0.695	0.66	2.64
NaN	2016	228	129.69	162.74	4.538	0.689	0.663	2.624
NaN	2016	229	127.79	161.59	2.251	0.704	0.682	2.751
NaN	2016	230	131.53	158.43	1.858	0.695	0.666	2.643
NaN	2016	231	129.79	161.21	3.424	0.689	0.669	2.617
NaN	2016	232	127.99	159.56	-0.778	0.72	0.669	2.677
NaN	2016	233	130.23	159.74	4.277	0.696	0.666	2.666
NaN	2016	234	131.54	158.03	2.519	0.695	0.661	2.648
NaN	2016	235	132.28	156.85	4.424	0.699	0.671	2.679
NaN	2016	236	129.64	158.1	4.376	0.695	0.668	2.656
NaN	2016	237	130.18	157.16	1.827	0.694	0.667	2.647
NaN	2016	238	132.47	158.49	1.732	0.691	0.664	2.633
NaN	2016	239	129.54	161.74	5.77	0.714	0.688	2.742
NaN	2016	240	128.92	160.88	4.723	0.701	0.667	2.685
NaN	2016	241	128.69	159.4	0.149	0.717	0.676	2.709
NaN	2016	242	129.58	159.81	3.062	0.733	0.7	2.786
NaN	2016	243	129.36	160.78	-1.175	0.744	0.698	2.736
NaN	2016	244	129.78	160.03	2.339	0.704	0.678	2.685
NaN	2016	245	129.91	158.88	3.08	0.695	0.665	2.638
NaN	2016	246	129.87	156.36	-4.853	0.699	0.68	2.696
NaN	2016	247	128.94	161.3	-3.702	0.697	0.665	2.662
NaN	2016	248	129.39	162.18	-2.426	0.693	0.663	2.641
NaN	2016	249	130.06	161	2.357	0.7	0.668	2.679
NaN	2016	250	130.02	159.1	-2.931	0.708	0.672	2.684
NaN	2016	251	131.51	159.64	-0.79	0.719	0.689	2.721
NaN	2016	252	129.62	162.37	-2.237	0.736	0.702	2.772
NaN	2016	253	128.46	162.73	-2.753	0.718	0.678	2.723
NaN	2016	254	128.36	162.51	-3.735	0.697	0.663	2.644
NaN	2016	255	128.95	164.1	0.152	0.695	0.669	2.662
NaN	2016	256	130.72	162.87	2.549	0.696	0.661	2.635
NaN	2016	257	130.93	161.91	2.653	0.699	0.663	2.643
NaN	2016	258	130.62	161.84	1.245	0.705	0.686	2.742
NaN	2016	259	130.03	161.68	0.348	0.724	0.698	2.765
NaN	2016	260	128.88	159.5	4.467	0.737	0.688	2.73
NaN	2016	261	129.6	160.6	2.234	0.714	0.677	2.712
NaN	2016	262	130.43	160.22	3.183	0.694	0.665	2.642
NaN	2016	263	130.08	159.75	2.198	0.693	0.665	2.658
NaN	2016	264	129.39	161.07	1.15	0.698	0.663	2.642
NaN	2016	265	129.27	160.29	1.604	0.713	0.676	2.763
NaN	2016	266	130.04	160.42	2.309	0.709	0.684	2.756
NaN	2016	267	131.72	161.87	6.365	0.707	0.678	2.733
NaN	2016	268	131.19	161.32	1.837	0.694	0.663	2.637
NaN	2016	269	129.59	161.37	2.962	0.695	0.664	2.647
NaN	2016	270	128.82	161.42	1.519	0.748	0.693	2.802
NaN	2016	271	129.79	162.14	2.225	0.743	0.693	2.796
NaN	2016	272	130.05	162.88	6	0.706	0.667	2.7
NaN	2016	273	131.02	162.21	2.376	0.696	0.668	2.67
NaN	2016	274	129.38	160.21	4.995	0.694	0.663	2.636
NaN	2016	275	129.46	164.29	5.462	0.701	0.665	2.68
NaN	2016	276	130.91	162.46	5.346	0.745	0.709	2.863
NaN	2016	277	129.95	163.72	5.346	0.697	0.66	2.647
NaN	2016	278	131.3	164.12	4.262	0.702	0.666	2.688
NaN	2016	279	130.44	162.5	5.146	0.695	0.663	2.647
NaN	2016	280	130.14	163.01	-0.749	0.696	0.662	2.649
NaN	2016	281	130.69	162.73	4.306	0.708	0.675	2.703
NaN	2016	282	129.63	162.81	5.121	0.71	0.688	2.731
NaN	2016	283	131.29	163.06	3.734	0.695	0.664	2.663
NaN	2016	284	132.51	163.83	2.335	0.71	0.673	2.714
NaN	2016	285	132.3	163.05	1.341	0.698	0.671	2.673
NaN	2016	286	130.92	164.73	5.781	0.733	0.698	2.771
NaN	2016	287	130.24	162.68	2.789	0.733	0.693	2.789
NaN	2016	288	131.37	163.2	1.772	0.713	0.694	2.744
NaN	2016	289	130.96	164.38	8.571	0.716	0.679	2.683
NaN	2016	290	130.64	162.76	8.157	0.701	0.669	2.705
NaN	2016	291	132.71	163.86	3.976	0.698	0.668	2.675
NaN	2016	292	130.8	163.43	6.419	0.691	0.66	2.627
NaN	2016	293	132.42	162.54	3.462	0.733	0.713	2.827
NaN	2016	294	129.99	164.43	6.391	0.706	0.676	2.682
NaN	2016	295	131.94	162.88	2.253	0.693	0.664	2.656
NaN	2016	296	134.34	162.76	5.326	0.703	0.673	2.704
NaN	2016	297	132.84	166.19	3.974	0.704	0.676	2.7
NaN	2016	298	133.45	164.77	7.357	0.695	0.665	2.653
NaN	2016	299	132.98	164.46	5.403	0.737	0.713	2.878
NaN	2016	300	131.17	164.37	1.469	0.696	0.659	2.639
NaN	2016	301	132.72	167.22	5.251	0.705	0.668	2.725
NaN	2016	302	133.41	166.25	2.287	0.699	0.669	2.696
NaN	2016	303	132.17	165.71	4.882	0.703	0.671	2.726
NaN	2016	304	133.59	163.64	0.637	0.704	0.68	2.734
NaN	2016	305	131.69	162.74	3.401	0.707	0.672	2.718
NaN	2016	306	130.03	163.87	5.961	0.696	0.667	2.668
NaN	2016	307	132.65	162.64	4.563	0.717	0.688	2.817
NaN	2016	308	133.29	164.29	3.605	0.699	0.667	2.69
NaN	2016	309	131.31	164.75	4.029	0.713	0.698	2.735
NaN	2016	310	132.6	164.08	3.192	0.73	0.699	2.846
NaN	2016	311	132.03	165.01	3.068	0.73	0.713	2.838
NaN	2016	312	133.7	165.81	-0.767	1.569	1.332	5.758
NaN	2017	176	147.4	180.71	8.769	2.125	2.183	10.199
NaN	2017	177	149.59	176.39	-0.567	1.308	1.208	6.09
NaN	2017	178	146.05	175.04	13.79	2.011	1.83	9.982
NaN	2017	180	150.24	175.38	4.128	2.253	2.163	11.735
NaN	2017	182	149.14	174.13	-2.36	1.697	1.523	7.789
NaN	2017	185	147.86	172.74	-3.211	2.072	2.009	10.532
NaN	2017	188	150.42	177.78	1.496	2.372	2.203	12.105
NaN	2017	189	149.08	176.76	10.622	2.959	2.872	12.839
NaN	2017	190	152.18	176.94	3.758	1.828	1.746	8.768
NaN	2017	191	150.9	177.99	-1.26	1.813	1.686	8.52
NaN	2017	192	147.48	173.55	12.943	1.419	1.336	6.643
NaN	2017	193	149.4	174.37	3.906	1.555	1.464	7.163
NaN	2017	194	148.22	174.07	-2.157	2.706	2.703	14.214
NaN	2017	195	148.06	176.74	4.323	3.02	2.706	14.196
NaN	2017	196	146	173.09	7.6	2.214	2.183	11.02
NaN	2017	197	148.32	172.81	7.733	2.584	2.27	11.412
NaN	2017	198	148.81	174.48	1.232	2.225	1.927	10.412
NaN	2017	199	150.75	171.45	-5.207	2.06	1.919	10.426
NaN	2017	200	147.94	175.55	-2.551	2.736	2.472	12.654
NaN	2017	201	150.49	176.16	10.052	2.222	1.957	10.477
NaN	2017	202	149.23	178.3	6.297	2.174	1.878	10.058
NaN	2017	203	148.73	173.3	6.477	2.922	2.773	14.689
NaN	2017	204	149.29	173.93	15.282	1.514	1.453	7.519
NaN	2017	205	150.18	174.76	7.461	1.004	0.977	4.624
NaN	2017	206	150.41	175.69	4.548	1.218	1.174	5.789
NaN	2017	207	150.94	175.14	13.935	1.418	1.354	6.692
NaN	2017	208	148.79	172.38	8.663	1.453	1.353	6.756
NaN	2017	209	149.28	173.36	0.409	1.5	1.41	6.927
NaN	2017	210	150.16	174.76	5.412	1.165	1.119	5.353
NaN	2017	211	150.15	172.3	-2.273	0.942	0.905	4.207
NaN	2017	212	150.73	174.71	0.583	1.169	1.074	5.327
NaN	2017	213	149.22	170.98	-0.248	1.349	1.233	6.097
NaN	2017	214	148.95	175.18	0.376	1.186	1.12	5.473
NaN	2017	215	152.65	173.2	-2.452	1.246	1.158	5.579
NaN	2017	216	149.76	173.63	-2.81	1.449	1.346	6.525
NaN	2017	218	148.03	179.05	15.086	2.515	2.452	11.71
NaN	2017	219	149.33	173.93	3.965	1.451	1.378	6.995
NaN	2017	220	151.33	173.58	12.203	1.673	1.53	7.781
NaN	2017	221	150.77	172.36	0.486	1.824	1.772	8.785
NaN	2017	222	147.78	175.48	-1.566	1.832	1.71	8.61
NaN	2017	223	150.32	177.5	8.237	2.008	2	9.618
NaN	2017	224	151.36	174.78	12.695	2.143	1.95	10.402
NaN	2017	225	152.73	174	10.536	2.447	2.129	11.238
NaN	2017	226	149.22	174.24	5.941	1.85	1.601	8.325
NaN	2017	227	152.22	174.49	10.377	1.268	1.238	5.965
NaN	2017	228	152.81	175.9	9.92	1.313	1.283	6.411
NaN	2017	229	151.35	177.46	2.219	1.465	1.412	6.929
NaN	2017	230	151.04	176	4.789	2.035	1.714	8.507
NaN	2017	231	149.92	175.68	-1.932	1.422	1.376	6.625
NaN	2017	232	150.04	177.42	2.293	1.384	1.363	6.755
NaN	2017	233	152.48	175.19	7.527	1.237	1.167	5.688
NaN	2017	234	150.58	175.48	4.767	0.873	0.82	3.724
NaN	2017	235	150.01	174.43	4.217	1.024	0.953	4.55
NaN	2017	236	154.25	175.54	-0.754	1.355	1.271	6.254
NaN	2017	237	151.09	173.54	7.675	1.601	1.468	7.373
NaN	2017	238	151.88	173.79	9.541	1.376	1.291	6.358
NaN	2017	239	153.21	174.48	12.515	1.617	1.518	7.493
NaN	2017	240	150.89	174.41	10.084	1.404	1.354	6.536
NaN	2017	241	150.21	173.1	2.198	1.316	1.221	5.998
NaN	2017	242	150.53	174.52	7.63	1.536	1.436	7.129
NaN	2017	243	151.93	175	3.822	1.666	1.655	7.847
NaN	2017	244	151.3	177.23	17.115	1.576	1.489	7.448
NaN	2017	245	151.81	176.46	7.695	1.587	1.507	7.386
NaN	2017	246	150.29	174.1	5.385	1.744	1.618	8.16
NaN	2017	247	154.19	176.36	13.842	1.689	1.569	7.937
NaN	2017	248	154.96	176.13	9.964	1.591	1.547	7.622
NaN	2017	249	150.95	178.77	7.019	1.836	1.732	8.493
NaN	2017	250	151.65	178.02	1.105	1.827	1.758	8.692
NaN	2017	251	155.2	175.76	13.272	2.481	2.091	11.174
NaN	2017	252	155.15	176.69	-1.005	2.198	1.952	10.339
NaN	2017	253	154.3	173.79	-2.074	2.356	2.07	10.905
NaN	2017	254	154.34	176.56	-10.988	2.116	1.834	9.95
NaN	2017	255	150.59	174.84	4.595	2.481	2.131	11.594
NaN	2017	256	155.13	174.91	3.537	2.575	2.077	11.536
NaN	2017	257	155.73	173.18	-7.845	2.507	2.261	12.339
NaN	2017	259	155.61	174.91	14.282	4.364	3.589	18.162
NaN	2017	260	154.43	173.94	5.145	2.441	2.025	11.008
NaN	2017	261	153.16	178.24	9.673	2.953	2.563	12.811
NaN	2017	262	153.53	178.31	3.943	3.325	2.9	14.859
NaN	2017	263	157.82	180.75	-0.751	3.49	3.091	16.279
NaN	2017	264	156.72	183.35	-0.269	3.482	2.705	14.274
NaN	2017	265	153.34	178.55	-14.961	3.186	2.97	14.847
NaN	2017	266	161.17	181.7	2.089	3.95	3.153	15.922
NaN	2017	267	152.21	174	-2.069	3.055	2.578	12.262
NaN	2017	268	154.02	178.5	-8.999	2.902	2.343	12.235
NaN	2017	269	158.23	176.19	12.089	3.369	2.808	15.171
NaN	2017	270	154.73	177.51	-9.199	3.524	3.362	18.676
NaN	2017	271	155.95	180.62	-4.993	3.297	2.912	14.692
NaN	2017	272	151.98	175.56	-18.776	2.871	2.46	13.725
NaN	2017	273	153.32	177.42	-3.975	2.829	2.467	12.825
NaN	2017	274	155.18	178.24	-2.29	3.103	2.563	13.498
NaN	2017	275	155.73	181.2	9.423	2.32	1.965	10.678
NaN	2017	276	154.12	176.21	-0.951	2.247	2.22	10.847
NaN	2017	277	155.45	177.2	-5.892	4.07	3.04	17.074
NaN	2017	278	155.52	176.41	-6.212	3.715	3.245	18.52
NaN	2017	279	152.64	179.46	-6.154	3.249	3.132	16.386
NaN	2017	280	158.07	178.02	14.942	3.748	3.288	17.379
NaN	2017	282	158.19	179.6	-16.964	3.414	2.999	15.698
NaN	2017	283	158.41	181.67	-0.16	4.067	3.327	19.338
NaN	2017	285	156.74	179.03	-5.914	3.458	2.915	16.441
NaN	2017	286	155.7	182.51	13.098	3.102	2.568	14.252
NaN	2017	287	154.61	179.5	-5.173	3.234	2.678	14.902
NaN	2017	288	156.19	179.65	2.555	3.732	3.204	18.574
NaN	2017	292	155.64	176.41	-4.287	3.553	3.203	18.694
NaN	2017	293	154.61	178.85	5.24	2.703	2.131	11.552
NaN	2017	294	154.44	178.76	-0.282	2.544	2.17	11.755
NaN	2017	295	155.35	179.72	7.048	2.724	2.263	12.316
NaN	2017	297	152.77	176.92	-1.704	3.3	2.845	15.666
NaN	2017	300	154.32	179.28	-8.894	2.075	1.916	9.54
NaN	2017	301	152.25	178.37	-5.071	2.977	2.724	15.038
NaN	2017	302	152.46	177.46	3.532	2.334	2.096	11.453
NaN	2017	303	154.76	176.73	-3.944	1.613	1.535	7.664
NaN	2017	304	154.44	179.49	-2.991	2.023	2.014	9.944
NaN	2017	305	155.64	178.85	-13.487	3.134	3.022	16.735
NaN	2017	306	155.98	176.39	7.754	3.682	3.095	18.608
NaN	2017	328	153.27	179.18	-25.364	4.095	3.244	15.797
NaN	2017	337	157.76	182.06	28.41	3.416	3.35	15.227
NaN	2018	170	165.57	194.68	53.148	0.726	0.673	2.864
NaN	2018	171	163.69	194.43	56.135	0.723	0.675	2.864
NaN	2018	172	166.69	193.69	56.448	0.721	0.666	2.815
NaN	2018	173	166.76	194.7	48.29	0.725	0.678	2.829
NaN	2018	174	165.02	194.63	53.379	0.728	0.671	2.867
NaN	2018	175	165.72	195.56	52.986	0.726	0.67	2.856
NaN	2018	176	164.7	197.12	55.681	0.727	0.669	2.843
NaN	2018	177	163.84	194.23	50.067	0.723	0.664	2.821
NaN	2018	178	163.78	195.38	55.795	0.726	0.668	2.85
NaN	2018	179	164.88	194.92	52.588	0.718	0.663	2.794
NaN	2018	180	165.84	196.07	51.627	0.722	0.667	2.822
NaN	2018	181	166.73	194.67	49.099	0.723	0.672	2.797
NaN	2018	182	165.09	193.91	55.935	0.735	0.675	2.864
NaN	2018	183	166.49	195.28	53.427	0.855	0.749	3.315
NaN	2019	103	186.45	213.82	55.071	0.714	0.674	2.803
NaN	2019	104	186.33	213.81	54.841	0.71	0.676	2.739
NaN	2019	105	185.35	214.04	49.262	0.712	0.674	2.738
NaN	2019	106	186.8	213.32	54.563	0.715	0.672	2.774
NaN	2019	107	186.77	212.51	58.848	0.709	0.668	2.769
NaN	2019	108	185.22	211.4	54.491	0.713	0.67	2.779
NaN	2019	109	186.03	211.19	62.77	0.739	0.69	2.847
NaN	2019	110	186.09	211.82	59.791	0.706	0.67	2.75
NaN	2019	111	186.5	210.92	54.641	0.7	0.672	2.712
NaN	2019	112	186.2	211.95	59.811	0.711	0.672	2.769
NaN	2019	113	187.39	214.49	55.736	0.724	0.68	2.821
NaN	2019	114	187.47	211.88	55.221	0.716	0.679	2.824
NaN	2019	115	187.57	213.25	53.303	0.712	0.679	2.81
NaN	2019	116	186.9	212.22	56.966	0.713	0.673	2.784
NaN	2019	117	188.61	214.32	52.061	0.704	0.667	2.714
NaN	2019	118	185.89	213.35	60.903	0.711	0.67	2.765
NaN	2019	119	187.97	213.92	58.67	0.71	0.667	2.751
NaN	2019	120	188.85	212.31	53.327	0.702	0.665	2.715
NaN	2019	121	188.67	212.89	52.608	0.701	0.667	2.706
NaN	2019	122	185.96	214.5	57.39	0.717	0.685	2.879
NaN	2019	123	187.49	214.62	55.686	0.712	0.685	2.864
NaN	2019	124	186.72	213.55	56.717	0.706	0.667	2.743
NaN	2019	125	187.46	212.12	52.047	0.715	0.671	2.787
NaN	2019	126	189.35	209.8	49.334	0.706	0.672	2.75
NaN	2019	127	187.92	209.82	55.171	0.726	0.683	2.804
NaN	2019	128	186.72	213.27	55.897	0.728	0.683	2.839
NaN	2019	129	185.75	210.68	53.203	0.711	0.668	2.772
NaN	2019	130	186.76	212.67	55.082	0.708	0.663	2.735
NaN	2019	131	187.08	213.71	53.338	0.707	0.667	2.739
NaN	2019	132	188.23	211.75	56.471	0.719	0.666	2.783
NaN	2019	133	188.97	213.67	53.041	0.721	0.675	2.837
NaN	2019	134	188.29	213.18	57.249	0.716	0.671	2.79
NaN	2019	135	189.04	214.81	47.792	0.706	0.671	2.753
NaN	2019	136	188.19	213.78	51.614	0.702	0.67	2.726
NaN	2019	137	187.81	210.66	56.006	0.723	0.671	2.821
NaN	2019	138	187.33	211.73	55.626	0.712	0.689	2.856
NaN	2019	139	187.11	210.85	59.639	0.711	0.667	2.776
NaN	2019	140	187.81	211.79	60.716	0.711	0.666	2.773
NaN	2019	141	189	213.64	58.342	0.705	0.666	2.749
NaN	2019	142	188.12	215.54	57.196	0.718	0.669	2.811
NaN	2019	143	188.27	215.22	48.332	0.715	0.667	2.785
NaN	2019	144	189.29	213.2	50.166	0.711	0.666	2.751
NaN	2019	145	187.38	213.79	56.049	0.706	0.67	2.762
NaN	2019	146	188.76	213.55	54.602	0.707	0.666	2.742
NaN	2019	147	188.1	212.92	58.824	0.71	0.673	2.791
NaN	2019	148	188.31	212.63	57.08	0.71	0.668	2.764
NaN	2019	149	191.15	212.78	53.67	0.701	0.668	2.707
NaN	2019	150	189.1	215.07	62.197	0.709	0.67	2.759
NaN	2019	151	190.26	215.81	62.601	0.719	0.669	2.825
NaN	2019	152	189.71	211.87	57.502	0.719	0.668	2.788
NaN	2019	153	190.38	211.67	56.614	0.715	0.668	2.78
NaN	2019	154	189.63	211.97	54.413	0.726	0.669	2.817
NaN	2019	155	188.73	214.53	52.038	0.717	0.672	2.803
NaN	2019	156	188.61	215.03	53.671	0.713	0.667	2.773
NaN	2019	157	188.63	212.76	51.77	0.715	0.685	2.834
NaN	2019	158	188.24	214.51	56.53	0.716	0.67	2.778
NaN	2019	159	188.1	215.15	61.848	0.725	0.669	2.829
NaN	2019	160	188.74	213.79	56.58	0.715	0.669	2.791
NaN	2019	161	187.31	213.03	53.002	0.725	0.679	2.812
NaN	2019	162	187.48	210.89	54.447	0.735	0.678	2.852
NaN	2019	163	188.43	214.24	58.23	0.744	0.679	2.888
NaN	2019	164	188.08	214.21	59.19	0.746	0.68	2.9
NaN	2019	165	190.22	211.96	53.836	0.734	0.679	2.851
NaN	2019	166	188.72	212.64	48.466	0.735	0.689	2.88
NaN	2019	167	189.97	212.44	57.097	0.738	0.68	2.878
NaN	2019	168	187.51	213.87	55.32	0.738	0.678	2.861
NaN	2019	169	189.1	212.88	57.468	0.74	0.68	2.878
NaN	2019	170	189.94	213.22	54.771	0.761	0.703	2.951
NaN	2019	171	188.85	212.35	50.998	0.772	0.701	2.959
NaN	2019	172	190.57	213.31	51.739	0.735	0.685	2.868
NaN	2019	173	190.18	214.58	55.314	0.735	0.68	2.864
NaN	2019	174	188.64	213.11	55.37	0.739	0.68	2.878
NaN	2019	175	189.25	212.96	53.829	0.734	0.68	2.83
NaN	2019	176	188.53	213.92	55.209	0.729	0.677	2.818
NaN	2019	177	188.78	213.52	57.404	0.731	0.679	2.838
NaN	2019	178	190.02	213.88	56.483	0.73	0.682	2.833
NaN	2019	179	191.43	212.3	53.064	0.731	0.68	2.857
NaN	2019	180	191.89	213.53	51.424	0.715	0.666	2.77
NaN	2019	181	191.59	212.67	49.023	0.713	0.663	2.766
NaN	2019	182	190.45	213.19	49.486	0.718	0.668	2.81
NaN	2019	183	188.78	213.32	50.986	0.728	0.671	2.847
NaN	2019	184	191.84	213.8	56.273	0.72	0.669	2.801
NaN	2019	185	191.35	214.96	54.958	0.718	0.67	2.808
NaN	2019	186	191.23	215.43	51.434	0.717	0.666	2.784
NaN	2019	187	190.92	213.9	51.126	0.73	0.683	2.878
NaN	2019	188	192.69	214.04	56.634	0.729	0.677	2.862
NaN	2019	189	190.62	214.13	52.203	0.718	0.667	2.785
NaN	2019	190	191.05	214.93	60.158	0.73	0.67	2.868
NaN	2019	191	191.54	214.23	56.448	0.723	0.664	2.818
NaN	2019	192	190.2	214.84	51.972	0.719	0.665	2.786
NaN	2019	193	191.07	215.6	59.644	0.724	0.672	2.822
NaN	2019	194	191.1	215.09	55.084	0.748	0.696	2.893
NaN	2019	195	192.42	214.22	54.174	0.738	0.68	2.858
NaN	2019	196	190.81	214.68	62.507	0.75	0.679	2.912
NaN	2019	197	190.13	216.07	60.568	0.75	0.68	2.896
NaN	2019	198	190.96	215.47	57.438	0.727	0.683	2.889
NaN	2019	199	189.84	214.28	57.445	0.732	0.684	2.926
NaN	2019	200	191.27	213.61	59.706	0.75	0.698	2.919
NaN	2019	201	191.62	214.75	61.093	0.727	0.667	2.848
NaN	2019	202	190.79	215.06	57.956	0.718	0.66	2.78
NaN	2019	203	191.73	213.11	58.349	0.726	0.687	2.934
NaN	2019	204	193.88	213.05	56.472	0.723	0.679	2.822
NaN	2019	205	194.87	213.87	48.657	0.733	0.693	2.863
NaN	2019	206	190.88	213.08	53.16	0.723	0.664	2.816
NaN	2019	207	191.02	213.1	59.775	0.734	0.688	2.904
NaN	2019	208	192.28	211.68	55.984	0.719	0.664	2.807
NaN	2019	209	190.94	214.39	58.788	0.722	0.667	2.823
NaN	2019	210	189.47	214.2	57.448	0.75	0.678	2.904
NaN	2019	211	190.31	214.12	54.532	0.724	0.67	2.858
NaN	2019	212	190.22	213.04	57.766	0.734	0.687	2.979
NaN	2019	213	190.58	212.6	59.165	0.718	0.663	2.797
NaN	2019	214	191.33	214.41	57.394	0.723	0.68	2.848
NaN	2019	215	190.77	211.84	54.366	0.717	0.664	2.806
NaN	2019	216	191.28	212.19	57.315	0.727	0.668	2.871
NaN	2019	217	192.24	214.16	56.984	0.752	0.685	2.923
NaN	2019	218	190.4	212.57	54.557	0.722	0.666	2.842
NaN	2019	219	191.36	212.23	52.833	0.765	0.69	2.883
NaN	2019	220	191.64	213.71	55.734	0.752	0.686	2.916
NaN	2019	221	191.75	216.14	54.861	0.722	0.67	2.832
NaN	2019	222	190.12	216.16	52.107	0.751	0.702	2.95
NaN	2019	223	192.82	212.48	50.726	0.753	0.703	2.956
NaN	2019	224	190.48	217.97	53.217	0.721	0.662	2.79
NaN	2019	225	189.58	215.94	59.324	0.742	0.684	2.922
NaN	2019	226	189.73	214.66	55.77	0.72	0.666	2.819
NaN	2019	227	188.53	215.94	57.757	0.718	0.668	2.825
NaN	2019	228	191.22	215.57	57.274	0.729	0.687	2.898
NaN	2019	229	189.94	214.93	57.545	0.723	0.666	2.835
NaN	2019	230	191.38	214.28	53.858	0.716	0.666	2.783
NaN	2019	231	190.35	212.69	51.413	0.719	0.667	2.809
NaN	2019	232	190.35	215.93	53.285	0.723	0.673	2.83
NaN	2019	233	190.51	215.97	51.418	0.711	0.662	2.758
NaN	2019	234	192.94	216.81	57.507	0.719	0.662	2.786
NaN	2019	235	190.82	218.48	55.344	0.739	0.682	2.874
NaN	2019	236	191.02	215.22	53.521	0.717	0.668	2.81
NaN	2019	237	190.57	216.69	52.746	0.72	0.67	2.826
NaN	2019	238	191.91	215.91	52.761	0.721	0.668	2.827
NaN	2019	239	191.46	215.49	54.298	0.723	0.669	2.842
NaN	2019	240	188.78	213.94	58.569	0.735	0.676	2.868
NaN	2019	241	189.56	214.5	56.447	0.742	0.673	2.845
NaN	2019	242	192.19	214.25	58.573	0.74	0.673	2.843
NaN	2019	243	191.2	212.99	59.201	0.72	0.667	2.815
NaN	2019	244	194.2	214.25	63.88	0.721	0.667	2.824
NaN	2019	245	195.35	215.04	61.159	0.723	0.668	2.833
NaN	2019	246	190.5	213.29	50.239	0.717	0.668	2.819
NaN	2019	247	192.36	215.32	57.152	0.721	0.671	2.837
NaN	2019	248	192.73	216.47	52.878	0.733	0.685	2.865
NaN	2019	249	189.92	215.68	57.156	0.733	0.685	2.87
NaN	2019	250	193.15	213.94	62.353	0.726	0.671	2.871
NaN	2019	251	192.73	216.87	54.533	0.728	0.679	2.884
NaN	2019	252	192.6	214.6	57.822	0.728	0.677	2.853
NaN	2019	253	191.48	215.69	53.608	0.724	0.68	2.858
NaN	2019	254	191.24	216.53	61.364	0.724	0.67	2.852
NaN	2019	255	190.72	217.13	58.531	0.721	0.672	2.832
NaN	2019	256	190.85	215.18	61.665	0.722	0.668	2.843
NaN	2019	257	191.18	214.93	59.422	0.716	0.671	2.806
NaN	2019	258	191.6	218.62	63.737	0.722	0.667	2.826
NaN	2019	259	193.09	216.62	56.722	0.721	0.669	2.844
NaN	2019	260	192	215.98	62.154	0.717	0.671	2.83
NaN	2019	261	190.59	217.34	55.961	0.716	0.665	2.81
NaN	2019	262	192.17	214.52	56.747	0.714	0.665	2.776
NaN	2019	263	192.55	214.26	55.028	0.767	0.685	2.877
NaN	2019	264	193.87	214.97	66.311	0.776	0.69	2.918
NaN	2019	265	192.26	215.65	55.099	0.72	0.67	2.808
NaN	2019	266	194.74	217.91	55.514	0.72	0.668	2.836
NaN	2019	267	192.85	217.82	56.031	0.722	0.668	2.823
NaN	2019	268	193.59	217.73	59.2	0.721	0.671	2.838
NaN	2019	269	191.96	218.88	59.856	0.718	0.665	2.796
NaN	2019	270	190.51	218.92	61.133	0.723	0.672	2.843
NaN	2019	271	191.94	219.7	60.452	0.774	0.688	2.941
NaN	2019	272	190.76	215.72	60.795	0.742	0.672	2.876
NaN	2019	273	191.26	218.77	63.061	0.719	0.672	2.822
NaN	2019	274	190.4	218.22	58.797	0.726	0.694	2.914
NaN	2019	275	194.04	217.91	57.127	0.721	0.689	2.886
NaN	2019	276	192.97	217.13	59.382	0.748	0.723	3.07
NaN	2019	277	192.66	218.07	55.764	0.729	0.69	2.956
NaN	2019	278	192.21	220.25	59.679	0.718	0.669	2.811
NaN	2019	279	193.94	220.14	57.632	0.719	0.668	2.801
NaN	2019	280	191.45	218.62	58.736	0.723	0.672	2.84
NaN	2019	281	193.02	222.09	64.01	0.74	0.684	2.894
NaN	2019	282	192.87	220.21	61.361	0.734	0.686	2.875
NaN	2019	283	191.41	220.12	64.456	0.742	0.709	2.989
NaN	2019	284	192.17	217.71	59.784	0.736	0.68	2.864
NaN	2019	285	193.23	221.68	63.558	0.733	0.682	2.87
NaN	2019	286	191.34	219.37	58.827	0.733	0.677	2.865
NaN	2019	287	193.01	217.97	58.11	0.734	0.687	2.875
NaN	2019	288	193.08	219.43	59.336	0.734	0.682	2.865
NaN	2019	289	195.3	220.18	55.791	0.729	0.679	2.846
NaN	2019	290	194.77	220.7	55.124	0.729	0.679	2.835
NaN	2019	291	194.62	216.89	57.527	0.731	0.676	2.843
NaN	2019	292	194.83	220.12	54.773	0.726	0.681	2.849
NaN	2019	293	195.28	219.54	55.225	0.726	0.679	2.835
NaN	2019	294	196.01	218.79	59.606	0.733	0.682	2.86
NaN	2019	295	196.04	219.53	61.705	0.737	0.682	2.889
NaN	2019	296	196.43	219.92	62.388	0.734	0.684	2.886
NaN	2019	297	196.85	218.69	61.794	0.734	0.678	2.86
NaN	2019	298	197.2	219.12	53.64	0.719	0.674	2.777
NaN	2019	299	195.64	220.9	59.381	0.728	0.677	2.829
NaN	2019	300	198	222.09	58.896	0.727	0.679	2.831
NaN	2019	301	196.31	220.95	64.998	0.731	0.677	2.846
NaN	2019	302	195.9	219.7	65.581	0.733	0.677	2.852
NaN	2019	303	198.21	221.53	62.553	0.723	0.676	2.81
NaN	2019	304	197.92	221.76	61.681	0.765	0.693	2.942
NaN	2019	305	196.03	222.43	62.283	0.761	0.69	2.935
NaN	2019	306	195.44	221.16	58.719	0.731	0.678	2.849
NaN	2019	307	195.59	220.04	61.406	0.734	0.683	2.878
NaN	2019	308	197.97	219.74	60.203	0.733	0.68	2.867
NaN	2019	309	197.99	221.53	62.965	0.752	0.694	2.886
NaN	2019	310	195.2	220.22	61.647	0.728	0.68	2.834
NaN	2019	311	195.97	219.52	60.59	0.734	0.679	2.839
NaN	2019	312	195.16	220.35	60.599	0.733	0.677	2.829
NaN	2019	313	195.99	222.65	60.123	0.728	0.677	2.824
NaN	2019	314	196.39	221.46	62.91	0.726	0.68	2.824
NaN	2019	315	197.15	221.04	57.722	0.731	0.683	2.863
NaN	2019	316	198.09	220.82	63.116	0.735	0.677	2.857
NaN	2019	317	196.4	219.84	53.047	0.738	0.702	2.947
NaN	2019	318	198.37	221.96	58.902	0.731	0.682	2.819
NaN	2019	320	197.55	221.14	61.677	0.733	0.684	2.882
NaN	2019	321	197.9	224.11	61.818	0.749	0.698	2.963
NaN	2019	322	197.91	222.29	60.516	0.739	0.681	2.876
NaN	2019	323	199.09	220	59.38	0.738	0.68	2.862
NaN	2019	324	197.43	221.44	59.979	0.741	0.687	2.9
NaN	2019	325	197.97	220.95	61.567	0.758	0.695	2.928
NaN	2019	326	198.9	220.32	61.509	0.733	0.678	2.845
NaN	2019	327	197.32	219.74	59.506	0.737	0.689	2.875
NaN	2019	328	196.29	220.75	55.063	0.733	0.681	2.842
NaN	2019	329	195.73	219.9	61.05	0.75	0.686	2.872
NaN	2019	330	196.94	219.7	58.089	0.737	0.68	2.878
NaN	2019	331	197.18	221.6	61.155	0.733	0.679	2.834
NaN	2019	332	195.96	221.24	56.074	0.729	0.681	2.832
NaN	2019	333	196.7	223.06	60.257	0.732	0.688	2.836
NaN	2019	337	197.82	220.82	58.316	0.732	0.678	2.824
NaN	2019	338	199.25	218.71	56.597	0.729	0.673	2.808
NaN	2019	339	198.43	219.62	55.339	0.734	0.679	2.846
NaN	2019	340	197.09	222.94	59.075	0.733	0.682	2.859
NaN	2019	341	199.26	219.28	54.928	0.73	0.678	2.822
NaN	2019	342	198.85	222.75	60.619	0.728	0.679	2.812
NaN	2019	343	197.1	221.95	62.003	0.728	0.68	2.818
NaN	2019	344	197.46	219.91	58.303	0.731	0.676	2.848
NaN	2019	345	197.04	221.07	61.096	0.733	0.686	2.875
NaN	2019	346	197.44	221.16	58.541	0.735	0.684	2.885
NaN	2019	347	197.2	223.61	56.938	0.73	0.681	2.845
NaN	2019	348	198.29	222.27	57.077	0.754	0.702	2.929
NaN	2019	349	197.75	222.43	57.442	0.732	0.677	2.844
NaN	2019	350	200.99	223.41	59.959	0.725	0.674	2.806
NaN	2019	351	197.3	224.67	61.101	0.733	0.681	2.876
NaN	2019	352	197.31	224.46	60.698	0.736	0.683	2.903
NaN	2019	353	198.46	222.5	61.381	0.737	0.699	2.927
NaN	2019	354	198.2	223.4	57.337	0.728	0.692	2.885
NaN	2019	355	199.41	221.45	62.874	0.74	0.683	2.853
NaN	2019	356	198.5	222.43	60.429	0.731	0.677	2.842
NaN	2019	357	199.69	224.22	64.005	0.737	0.678	2.874
NaN	2019	358	199.95	226.81	59.568	0.736	0.683	2.853
NaN	2019	359	199.46	224.27	62.731	0.732	0.678	2.828
NaN	2019	360	200.18	226.83	56.105	0.731	0.682	2.854
NaN	2019	361	199.7	223.95	67.131	0.744	0.688	2.897
NaN	2019	362	198.56	222.4	65.395	0.732	0.675	2.816
NaN	2019	363	201.43	226.83	63.9	0.731	0.678	2.84
NaN	2019	364	202.08	225.62	61.329	0.724	0.676	2.783
NaN	2019	365	199.91	223.72	63.563	0.73	0.686	2.848
NaN	2020	1	201.89	223.77	60.168	0.73	0.678	2.831
NaN	2020	2	199.39	224.29	63.315	0.743	0.684	2.887
NaN	2020	3	200.32	222.04	64.552	0.753	0.7	2.941
NaN	2020	4	200.07	225.32	54.527	0.73	0.696	2.82
NaN	2020	5	198.35	225.71	60.766	0.766	0.698	2.968
NaN	2020	6	197.76	225.41	67.424	0.767	0.694	2.926
NaN	2020	7	200.8	226.26	63.918	0.762	0.693	2.911
NaN	2020	8	199.24	228.13	60.765	0.728	0.68	2.812
NaN	2020	9	199.41	226.02	61.949	0.749	0.689	2.821
NaN	2020	10	201.79	228.04	62.278	0.748	0.688	2.828
NaN	2020	11	200.43	224.05	59.565	0.73	0.686	2.813
NaN	2020	12	201.57	227.98	65.82	0.737	0.684	2.895
NaN	2020	13	199.74	229.09	66.659	0.725	0.675	2.806
NaN	2020	14	199.56	223.02	66.013	0.73	0.676	2.823
NaN	2020	15	200.37	225.37	63.94	0.726	0.677	2.81
NaN	2020	16	199.47	225.49	67.644	0.746	0.705	2.97
NaN	2020	17	200.88	226.3	66.195	0.731	0.694	2.873
NaN	2020	18	201.48	225.16	69.821	0.735	0.68	2.843
NaN	2020	19	203.53	227.41	65.294	0.73	0.675	2.829
NaN	2020	20	201.87	225.27	65.957	0.743	0.678	2.87
NaN	2020	21	202.03	224.37	68.62	0.732	0.679	2.839
NaN	2020	22	201.94	226.97	62.405	0.728	0.676	2.819
NaN	2020	23	201.25	226.12	63.996	0.726	0.679	2.811
NaN	2020	24	203.08	225.09	65.14	0.724	0.673	2.797
NaN	2020	25	205.5	225.38	60.173	0.722	0.669	2.762
NaN	2020	26	201.87	223.18	60.565	0.724	0.67	2.8
NaN	2020	27	202.47	220.89	62.847	1.267	1.247	5.101
NaN	2020	28	201.48	222.86	57.134	0.722	0.668	2.778
NaN	2020	29	202.29	224.14	63.088	0.715	0.662	2.742
NaN	2020	30	202.8	225.44	61.124	0.725	0.671	2.804
NaN	2020	31	199.94	224.93	62.929	0.726	0.666	2.797
NaN	2020	32	201.68	225.54	61.198	0.727	0.673	2.806
NaN	2020	33	203.76	226.39	63.628	0.729	0.671	2.791
NaN	2020	34	203.32	224.94	65.634	0.722	0.669	2.787
NaN	2020	35	203.56	224.21	65.907	0.717	0.667	2.774
NaN	2020	36	204.07	225.12	64.579	0.723	0.674	2.783
NaN	2020	37	202.25	227.5	59.103	1.034	1.023	4.173
NaN	2020	38	204.06	225.54	61.275	0.722	0.669	2.768
NaN	2020	39	204.53	224.86	62.729	0.721	0.666	2.755
NaN	2020	40	201.91	226.09	66.881	0.72	0.669	2.762
NaN	2020	41	204.84	227.63	60.878	0.731	0.685	2.867
NaN	2020	42	204.4	226.77	56.384	1.038	1.037	4.165
NaN	2020	43	204.85	222.79	68.603	0.726	0.678	2.815
NaN	2020	44	208.43	226.81	60.083	0.735	0.683	2.801
NaN	2020	45	205.89	225.83	61.219	0.732	0.681	2.8
NaN	2020	46	202.45	224.76	65.722	0.72	0.672	2.787
NaN	2020	47	204.9	223.27	58.582	0.723	0.675	2.799
NaN	2020	48	204.37	224.97	61.821	0.724	0.671	2.802
NaN	2020	49	204.89	225.26	67.998	0.718	0.665	2.769
NaN	2020	50	205.61	226.22	59.479	0.719	0.67	2.785
NaN	2020	51	204.04	223.63	60.806	0.724	0.69	2.849
NaN	2020	52	204.33	225.64	60.207	0.728	0.69	2.892
NaN	2020	54	204.8	226.62	61.52	0.725	0.667	2.794
NaN	2020	56	203.24	225.42	59.804	0.705	0.666	2.692
NaN	2020	57	205.47	227.65	61.426	0.704	0.659	2.69
NaN	2020	58	204.18	230.12	71.305	1.533	1.597	5.824
NaN	2020	59	205.93	226.76	59.66	0.812	0.785	3.137
NaN	2020	60	206.43	228.18	59.463	1.314	1.379	5.255
NaN	2020	61	205.14	225.9	55.519	0.717	0.673	2.782
NaN	2020	62	205.83	227.54	59.071	0.699	0.666	2.686
NaN	2020	63	206.37	227.98	61.227	1.146	1.158	4.534
NaN	2020	64	204.78	227	60.088	0.717	0.666	2.783
NaN	2020	65	204.8	226.25	62.116	0.71	0.668	2.755
NaN	2020	66	205.94	227.28	64.158	0.718	0.668	2.758
NaN	2020	67	204.49	227.05	61.704	0.718	0.67	2.767
NaN	2020	68	204.89	228.14	57.289	0.711	0.664	2.748
NaN	2020	69	206.82	229.35	58.276	0.712	0.677	2.765
NaN	2020	70	204.34	225.94	63.023	0.731	0.686	2.847
NaN	2020	71	205.03	227.91	61.982	0.728	0.677	2.822
NaN	2020	72	205.92	226.72	60.761	0.712	0.677	2.753
NaN	2020	73	206.86	229.26	60.86	0.734	0.677	2.861
NaN	2020	74	207.57	227.62	58.266	0.713	0.675	2.754
NaN	2020	75	208.47	228.14	64.035	0.724	0.683	2.832
NaN	2020	76	206.01	228.58	60.74	0.732	0.682	2.837
NaN	2020	77	207.86	228.63	57.19	0.715	0.677	2.765
NaN	2020	78	205.14	228.82	60.241	0.713	0.678	2.776
NaN	2020	79	206.74	228.77	61.69	0.816	0.724	3.034
NaN	2020	80	207.75	226.64	63.072	0.731	0.722	2.974
NaN	2020	81	207.12	227.63	64.889	0.749	0.717	2.96
NaN	2020	82	208.38	227.19	61.818	0.719	0.681	2.78
NaN	2020	83	207.6	226.2	61.529	0.713	0.676	2.752
NaN	2020	84	206.82	224.8	62.17	0.738	0.688	2.832
NaN	2020	85	206.22	228.44	61.08	0.716	0.679	2.793
NaN	2020	86	206.2	228.64	56.499	0.716	0.685	2.818
NaN	2020	87	207.39	229.09	65.293	0.715	0.675	2.776
NaN	2020	88	209.56	228.75	67.535	0.727	0.677	2.76
NaN	2020	89	208.7	228.49	56.351	0.704	0.673	2.694
NaN	2020	90	206.78	227.21	61.116	0.737	0.692	2.89
NaN	2020	91	209.68	229.26	54.912	0.715	0.679	2.755
NaN	2020	92	206.56	229.1	60.938	0.714	0.675	2.761
NaN	2020	93	209.16	227.99	67.493	0.716	0.675	2.745
NaN	2020	94	207.84	227.82	68.833	0.717	0.682	2.77
NaN	2020	95	206.98	227.63	57.768	0.733	0.689	2.77
NaN	2020	96	204.92	226.81	63.931	0.722	0.681	2.794
NaN	2020	97	207.08	226.58	63.685	0.716	0.677	2.744
NaN	2020	98	208.63	226.89	63.077	0.713	0.673	2.733
NaN	2020	99	207.07	226.2	61.322	0.716	0.673	2.735
NaN	2020	100	206.97	228.44	64.31	0.718	0.675	2.779
NaN	2020	101	207.09	228.31	60.81	0.727	0.681	2.801
NaN	2020	102	207.06	226.69	60.223	0.712	0.673	2.723
NaN	2020	103	207.71	226.14	67.352	0.744	0.69	2.858
NaN	2020	104	207.2	226.7	59.408	0.742	0.684	2.826
NaN	2020	105	208.92	227.59	56.713	0.717	0.673	2.741
NaN	2020	106	208.1	227.15	63.209	0.719	0.677	2.763
NaN	2020	107	209.36	228.24	62.736	0.716	0.675	2.787
NaN	2020	108	210.7	228.54	57.504	0.718	0.675	2.745
NaN	2020	109	209.65	230.49	56.853	0.722	0.676	2.778
NaN	2020	110	208.15	229.44	55.287	0.731	0.675	2.815
NaN	2020	111	210.24	227.49	60.491	0.709	0.674	2.72
NaN	2020	112	210.24	228.27	55.718	0.706	0.672	2.704
NaN	2020	113	209.51	228.59	60.766	0.714	0.68	2.763
NaN	2020	114	209.54	229.68	64.993	0.743	0.679	2.832
NaN	2020	115	210.37	230.1	61.946	0.723	0.677	2.735
NaN	2020	116	208.44	225.81	55.487	0.707	0.67	2.679
NaN	2020	117	209.16	227.52	59.248	0.707	0.66	2.661
NaN	2020	118	209.02	226.6	60.824	0.715	0.661	2.71
NaN	2020	119	210.9	228	60.441	0.719	0.654	2.704
NaN	2020	120	209.48	227.91	60.146	0.712	0.66	2.694
NaN	2020	121	210.49	228.07	64.685	0.722	0.656	2.707
NaN	2020	122	211.45	228.16	62.311	0.708	0.659	2.658
NaN	2020	123	210.22	227.72	62.958	0.714	0.664	2.714
NaN	2020	124	209.09	228.08	61.558	0.711	0.659	2.709
NaN	2020	125	208.75	229.02	64.248	0.712	0.664	2.728
NaN	2020	126	208.88	229.59	61.908	0.724	0.681	2.851
NaN	2020	127	209.28	229.54	58.85	0.705	0.661	2.667
NaN	2020	128	211	227.91	57.098	0.714	0.657	2.693
NaN	2020	129	211.72	227.02	55.299	0.716	0.672	2.747
NaN	2020	130	209.09	229.56	60.831	0.716	0.674	2.745
NaN	2020	131	209.55	227.18	61.045	0.718	0.675	2.769
NaN	2020	132	210.19	227.02	63.374	0.711	0.661	2.708
NaN	2020	133	210.67	230.74	64.977	0.714	0.661	2.716
NaN	2020	134	210.61	229.37	65.614	0.73	0.671	2.833
NaN	2020	135	211.1	228.31	57.884	0.72	0.678	2.798
NaN	2020	136	210.68	230.02	55.352	0.709	0.674	2.724
NaN	2020	137	210.25	229.55	58.655	0.711	0.661	2.703
NaN	2020	138	209.63	229.89	61.012	0.714	0.664	2.724
NaN	2020	139	209.22	230.05	64.34	0.711	0.665	2.716
NaN	2020	140	210.53	229.81	62.837	0.709	0.667	2.705
NaN	2020	141	208.93	231.02	63.344	0.718	0.665	2.74
NaN	2020	142	208.35	231.41	59.582	0.718	0.671	2.747
NaN	2020	143	208.98	229.38	56.472	0.736	0.675	2.741
NaN	2020	144	209.33	230.48	60.502	0.714	0.664	2.719
NaN	2020	145	209.55	228.26	53.721	0.711	0.662	2.701
NaN	2020	146	210.22	230.24	56.764	0.719	0.664	2.727
NaN	2020	147	210.05	231.67	61.623	0.716	0.662	2.732
NaN	2020	148	208.6	230.65	65.136	0.715	0.663	2.724
NaN	2020	149	211.42	229.73	63.937	0.739	0.68	2.778
NaN	2020	150	210.11	230.51	59.031	0.704	0.658	2.685
NaN	2020	151	209.73	229.4	55.084	0.711	0.661	2.721
NaN	2020	152	210.32	229.6	53.2	0.711	0.669	2.699
NaN	2020	153	210.88	229.78	60.548	0.712	0.664	2.741
NaN	2020	154	210.2	229.08	55.888	0.712	0.665	2.733
NaN	2020	155	208	228.1	59.832	0.712	0.662	2.73
NaN	2020	156	210.32	227.89	59.609	0.726	0.679	2.787
NaN	2020	157	210.6	228.01	55.612	0.721	0.677	2.771
NaN	2020	158	211.1	228.21	56.4	0.707	0.678	2.735
NaN	2020	159	210.42	229.71	62.098	0.724	0.678	2.821
NaN	2020	160	210.73	228.93	54.881	0.712	0.676	2.774
NaN	2020	161	210.23	230	52.594	0.719	0.682	2.821
NaN	2020	162	210.84	230.14	59.402	0.711	0.675	2.756
NaN	2020	163	212.56	229.03	59.772	0.712	0.673	2.74
NaN	2020	164	213.07	229.66	58.305	0.7	0.659	2.683
NaN	2020	165	211.37	229.84	65.112	0.715	0.663	2.775
NaN	2020	166	213.73	227.69	60.236	0.706	0.665	2.723
NaN	2020	167	212.86	229.75	62.32	0.708	0.662	2.722
NaN	2020	168	211.57	228.94	61.479	0.709	0.662	2.72
NaN	2020	169	212.43	227.78	62.793	0.706	0.661	2.709
NaN	2020	170	211.79	229.5	63.775	0.706	0.662	2.709
NaN	2020	171	212.32	228.98	62.395	0.715	0.664	2.758
NaN	2020	172	212.54	229.71	61.401	0.712	0.66	2.73
NaN	2020	173	211.62	230.72	64.879	0.717	0.667	2.774
NaN	2020	174	211.44	227.65	59.641	0.713	0.665	2.766
NaN	2020	175	210.04	230.07	65.405	0.711	0.667	2.772
NaN	2020	176	210.98	229.97	67.571	0.71	0.664	2.768
NaN	2020	177	210.97	230.1	63.189	0.718	0.67	2.785
NaN	2020	178	211.54	230.25	62.427	0.737	0.677	2.799
NaN	2020	179	211.47	228.74	60.497	1.36	1.308	5.34
NaN	2020	180	211.93	230.15	58.484	0.734	0.678	2.79
NaN	2020	181	213.18	231.31	66.531	0.745	0.679	2.881
NaN	2020	182	213.4	230.73	60.108	0.73	0.671	2.767
NaN	2020	183	212.81	233.85	66.625	0.705	0.662	2.74
NaN	2020	184	212.56	232.23	64.956	0.911	0.81	3.551
NaN	2020	185	212.58	230.93	65.732	0.705	0.663	2.753
NaN	2020	186	211.6	230.33	61.367	0.708	0.667	2.746
NaN	2020	187	210.71	229.93	63.811	0.704	0.664	2.737
NaN	2020	188	211.31	231.17	64.914	0.709	0.667	2.764
NaN	2020	189	211.03	230.19	61.745	0.705	0.663	2.742
NaN	2020	190	212.2	230.17	57	0.702	0.664	2.73
NaN	2020	191	213.19	229.74	62.335	0.726	0.684	2.819
NaN	2020	192	214.14	230.15	64.308	0.724	0.677	2.764
NaN	2020	193	213.17	230.12	64.755	0.727	0.672	2.775
NaN	2020	194	212.65	229.76	61.181	0.717	0.667	2.741
NaN	2020	195	212.76	232.38	63.37	0.719	0.678	2.801
NaN	2020	196	213.4	231.23	59.797	0.73	0.687	2.832
NaN	2020	197	214.2	231.61	58.772	0.729	0.674	2.76
NaN	2020	198	212.52	230.94	60.407	0.722	0.676	2.782
NaN	2020	199	211.89	230.76	54.049	0.897	0.812	3.357
NaN	2020	200	210.93	230.02	60.644	1.325	1.201	5.188
NaN	2020	201	211.35	230.84	60.731	0.725	0.679	2.82
NaN	2020	202	211.28	229.58	61.032	0.834	0.757	3.171
NaN	2020	203	212.08	230.15	64.175	0.796	0.742	3.034
NaN	2020	204	211.43	230.21	66.15	0.724	0.673	2.788
NaN	2020	205	211.83	230.17	65.809	0.769	0.71	2.965
NaN	2020	206	213.82	229.71	60.346	0.719	0.674	2.773
NaN	2020	207	214.88	227.89	59.667	0.717	0.673	2.762
NaN	2020	208	212.75	230.29	68.022	1.121	0.978	4.086
NaN	2020	209	215.1	229.01	62.914	0.724	0.676	2.803
NaN	2020	210	214.76	230.84	62.654	0.751	0.71	2.885
NaN	2020	211	212.59	233.55	57.842	0.724	0.677	2.829
NaN	2020	212	215.13	233.28	61.476	0.724	0.675	2.795
NaN	2020	213	216.18	233.23	63.172	0.724	0.687	2.83
NaN	2020	214	213.57	232.69	62.451	1.213	1.172	4.69
NaN	2020	215	212.1	231.04	72.585	1.647	1.547	6.546
NaN	2020	216	214.25	232.19	62.282	1.459	1.377	5.708
NaN	2020	217	213.17	231.42	66.743	0.725	0.688	2.827
NaN	2020	219	214.88	230.36	66.87	0.746	0.694	2.889
NaN	2020	220	215.12	231.94	65.742	0.743	0.702	2.855
NaN	2020	221	214.03	231.61	67.127	0.719	0.687	2.783
NaN	2020	222	214.44	230.87	66.041	0.723	0.69	2.801
NaN	2020	223	213.64	231.1	68.777	1.418	1.322	5.461
NaN	2020	224	216.05	231.36	68.128	0.728	0.691	2.822
NaN	2020	225	216.07	230.58	65.266	0.721	0.678	2.789
NaN	2020	226	214.52	231.97	68.869	0.725	0.691	2.793
NaN	2020	227	213.07	230.63	67.601	0.717	0.69	2.767
NaN	2020	228	214.67	232.83	67.269	0.722	0.698	2.795
NaN	2020	229	215.66	231.64	68.268	0.73	0.694	2.835
NaN	2020	230	214.88	232.27	66.025	0.727	0.694	2.804
NaN	2020	231	216.51	234	67.523	0.726	0.691	2.788
NaN	2020	232	216.8	233.38	69.374	0.724	0.693	2.807
NaN	2020	233	216.83	233.8	63.788	0.722	0.69	2.781
NaN	2020	234	216.33	231.07	63.527	0.731	0.71	2.893
NaN	2020	235	214.39	231.52	68.902	0.737	0.693	2.871
NaN	2020	236	214.81	231.33	60.665	0.733	0.697	2.829
NaN	2020	237	214.32	229.11	70.683	0.732	0.695	2.84
NaN	2020	238	216.28	230.16	61.903	0.738	0.704	2.888
NaN	2020	239	216.07	230.76	63.351	0.719	0.68	2.766
NaN	2020	240	216.34	233.39	69.652	0.726	0.695	2.832
NaN	2020	241	216.27	232.45	64.759	0.725	0.686	2.792
NaN	2020	242	218.73	231.91	59.939	0.722	0.689	2.793
NaN	2020	243	215.77	233.35	63.005	0.731	0.684	2.839
NaN	2020	244	217.35	232.97	63.653	0.743	0.686	2.906
NaN	2020	245	218.42	232.75	58.022	0.719	0.684	2.786
NaN	2020	246	216.89	234.36	60.85	0.711	0.68	2.749
NaN	2020	247	219.4	231.75	54.761	0.724	0.684	2.773
NaN	2020	248	217.57	232.7	64.318	0.721	0.68	2.815
NaN	2020	249	214.78	234.9	63.152	0.721	0.677	2.79
NaN	2020	250	213.67	233.8	65.584	0.722	0.679	2.815
NaN	2020	251	216.66	234.22	63.766	0.718	0.678	2.802
NaN	2020	252	216.26	232.98	67.613	0.723	0.676	2.812
NaN	2020	253	216.55	233.67	61.146	0.723	0.684	2.81
NaN	2020	254	216.13	235.13	62.553	0.723	0.692	2.888
NaN	2020	255	215.34	233.97	62.028	0.731	0.719	3.05
NaN	2020	256	216	233.28	64.828	0.726	0.7	2.906
NaN	2020	257	215.6	231.72	63.392	0.723	0.678	2.83
NaN	2020	258	216.01	231.04	63.242	0.725	0.688	2.847
NaN	2020	259	216.32	235.86	56.565	0.78	0.698	2.906
NaN	2020	260	215.26	233.82	65.374	0.781	0.702	2.93
NaN	2020	261	214.07	232.54	62.779	0.748	0.68	2.826
NaN	2020	262	215.12	232.96	64.228	0.742	0.685	2.831
NaN	2020	263	216.76	233.03	63.514	0.761	0.684	2.877
NaN	2020	264	216.07	235	61.242	0.727	0.695	2.828
NaN	2020	266	217.92	234.22	66.771	0.749	0.681	2.849
NaN	2020	267	219.78	234.41	62.757	0.872	0.783	3.175
NaN	2020	268	217.45	234.58	68.762	0.727	0.683	2.837
NaN	2020	269	218.5	232.89	68.554	0.737	0.681	2.855
NaN	2020	270	218.19	233.96	68.019	0.725	0.675	2.797
NaN	2020	271	220.38	235.95	69.688	0.741	0.683	2.814
NaN	2020	272	220.83	236.4	69.496	0.721	0.685	2.82
NaN	2020	273	220.85	236.67	67.39	0.722	0.675	2.808
NaN	2020	274	219.38	234.84	60.217	0.716	0.677	2.788
NaN	2020	275	219.13	233.91	62.637	0.727	0.678	2.82
NaN	2020	276	219.62	233.75	63.332	0.756	0.7	2.897
NaN	2020	283	219.41	235.73	61.167	0.722	0.668	2.825
NaN	2020	284	219.34	236.87	63.122	0.724	0.679	2.836
NaN	2020	285	219.76	235.86	67.466	0.719	0.666	2.781
NaN	2020	286	222.38	234.42	70.614	0.72	0.664	2.781
NaN	2020	287	218.87	233.15	67.11	0.709	0.659	2.729
NaN	2020	288	220.99	234.18	69.673	0.718	0.666	2.793
NaN	2020	289	219.22	233.4	64.201	0.723	0.68	2.859
NaN	2020	290	219.49	235.74	67.972	0.717	0.673	2.793
NaN	2020	291	217.26	234.53	62.748	0.717	0.675	2.765
NaN	2020	292	218.29	234.67	67.116	0.721	0.672	2.781
NaN	2020	293	218.35	233.24	65.727	0.711	0.669	2.776
NaN	2020	294	220.41	233.68	60.613	0.73	0.685	2.895
NaN	2020	295	220.19	234.51	64.623	0.721	0.674	2.818
NaN	2020	296	219.08	235.44	66.5	0.741	0.676	2.806
NaN	2020	297	219.41	234.95	65.96	0.736	0.667	2.775
NaN	2020	298	217.81	235.49	58.462	0.708	0.66	2.711
NaN	2020	299	217.56	235.41	63.846	0.729	0.674	2.839
NaN	2020	300	219.34	234.53	65.18	0.719	0.669	2.771
NaN	2020	301	218.1	236.07	60.085	0.726	0.679	2.834
NaN	2020	302	221.65	235.94	62.745	0.748	0.681	2.859
NaN	2020	303	222.26	235.42	62.042	0.74	0.678	2.806
NaN	2020	304	221.06	236.7	62.602	0.744	0.678	2.841
NaN	2020	305	220.93	237.31	61.324	0.73	0.683	2.88
NaN	2020	306	219.94	237	63.158	0.732	0.69	2.892
NaN	2020	307	219.52	237.37	64.905	0.734	0.674	2.826
NaN	2020	308	221.63	236.42	61.449	0.736	0.666	2.786
NaN	2020	309	221.76	237.81	61.872	0.79	0.712	2.944
NaN	2020	310	223.26	235.88	60.079	0.747	0.677	2.916
NaN	2020	311	218.81	235.29	67.066	0.728	0.668	2.801
NaN	2020	312	220.53	237.01	71.306	0.729	0.673	2.822
NaN	2020	313	222.1	234.54	66.941	0.738	0.675	2.856
NaN	2020	314	220.41	235.78	65.05	0.755	0.681	2.84
NaN	2020	315	219.8	234.5	58.851	0.76	0.71	2.95
NaN	2020	316	220.8	237.52	61.47	0.721	0.677	2.798
NaN	2020	317	222	235.68	58.236	0.738	0.708	2.913
NaN	2020	318	221.51	235.98	62.143	0.746	0.713	2.963
NaN	2020	319	219.91	236.38	60.544	0.737	0.7	2.893
NaN	2020	320	222.12	238.86	64.25	0.726	0.69	2.814
NaN	2020	321	222.36	238.1	58.046	0.744	0.733	2.868
NaN	2020	322	221.55	237.19	60.91	0.74	0.72	2.86
NaN	2020	323	223.19	237.56	67.282	0.748	0.711	2.887
NaN	2020	324	222.23	237.83	67.491	0.738	0.719	2.885
NaN	2020	325	223.02	238.8	70.593	0.776	0.729	2.985
NaN	2020	326	222.12	237.27	62.914	0.756	0.731	2.884
NaN	2020	327	222.44	236.44	69.485	0.727	0.677	2.806
NaN	2020	328	220.5	236.73	63.366	0.745	0.695	2.939
NaN	2020	329	222.02	238.08	65.926	0.743	0.7	2.966
NaN	2020	330	222.36	237.7	65.776	0.749	0.695	2.915
NaN	2020	331	222.06	236.69	71.851	0.747	0.704	2.957
NaN	2020	332	220.23	237.54	63.972	0.732	0.681	2.84
NaN	2020	333	221.27	238.67	66.183	0.765	0.698	2.988
NaN	2020	334	221.49	237.35	67.483	0.788	0.73	3.091
NaN	2020	335	220.77	237.43	63.308	0.75	0.713	2.944
NaN	2020	336	221.87	237.03	53.728	0.743	0.696	2.907
NaN	2020	337	223.28	237.68	64.468	0.751	0.7	2.943
NaN	2020	338	223.44	237.17	71.286	0.735	0.68	2.848
NaN	2020	339	221.26	237.14	64.177	0.767	0.716	2.963
NaN	2020	340	221.99	237.29	61.684	0.745	0.697	2.91
NaN	2020	341	222.39	239.96	64.152	0.765	0.709	3.061
NaN	2020	342	221.69	240.05	64.524	0.729	0.689	2.865
NaN	2020	343	222.06	238.38	63.76	0.751	0.695	2.936
NaN	2020	344	221.44	238.51	60.554	0.739	0.685	2.883
NaN	2020	345	222.06	238.25	65.007	0.746	0.696	2.952
NaN	2020	346	221.31	238.3	61.729	0.761	0.702	2.934
NaN	2020	347	220.39	238.6	72.817	0.728	0.69	2.841
NaN	2020	348	221.36	238.85	68.766	0.734	0.689	2.867
NaN	2020	349	221.46	238.69	64.383	0.743	0.69	2.882
NaN	2020	350	222.09	238.16	66.902	0.75	0.697	2.901
NaN	2020	351	221.75	239.12	64.242	0.734	0.693	2.857
NaN	2020	352	221.66	240.61	60.782	0.72	0.688	2.782
NaN	2020	353	222.44	239.46	68.856	0.736	0.689	2.852
NaN	2020	354	221.87	239.4	60.308	0.753	0.695	2.862
NaN	2020	355	222.22	239.66	61.265	0.742	0.69	2.874
NaN	2020	356	221.68	238.29	61.408	0.746	0.684	2.87
NaN	2020	357	222.35	239.5	60.282	0.744	0.685	2.804
NaN	2020	358	220.75	238.39	68.76	0.75	0.7	2.953
NaN	2020	359	222.01	237.52	71.22	0.78	0.722	3.094
NaN	2020	360	222.68	238.74	66.372	0.749	0.702	2.974
NaN	2020	361	222.38	238.67	64.778	0.737	0.671	2.839
NaN	2020	362	223.79	237.47	64.864	0.742	0.679	2.829
NaN	2020	363	221.67	238.94	75.667	0.747	0.689	2.937
NaN	2020	364	222.04	239.14	65.662	0.748	0.69	2.948
NaN	2020	365	223.4	239.49	63.208	0.74	0.673	2.836
NaN	2020	366	223.82	238.67	62.695	0.748	0.681	2.867
