-36.65 -9.75 -4.40 12.24  1 1
-44.99 -12.15 -4.06 12.35 1 1 
-41.86 -11.31 -4.20 12.34 1 1
-39.74 -17.55 -4.28 12.31 1 1
-40.80 -14.89 -4.23 12.33 1 1 
-48.46 -1.41 -4.16 12.32  1 1
-43.42 -13.26 -4.11 12.35 1 1
-47.88 -15.95 -3.81 12.32 1 1
-38.43 -3.88 -4.26 12.29  1 1
-52.31 4.95 -4.32 12.23   1 1
-38.43 -3.88 -4.26 12.29  1 1
-40.32 -20.31 -4.22 12.32 1 1
-38.47 -3.71 -4.26 12.29  1 1
-44.99 -22.69 -3.80 12.35 1 1
-39.42 -7.24 -4.28 12.31  1 1
-56.07 -15.56 -3.35 12.09 1 1
-47.90 -22.00 -3.58 12.32 1 1
-38.43 -3.88 -4.26 12.29  1 1
-49.25 -16.66 -3.70 12.30 1 1
-51.73 -17.88 -3.49 12.24 1 1
-41.96 -18.86 -4.12 12.34 1 1
-51.34 -20.43 -3.39 12.25 1 1
-47.50 -5.49 -4.10 12.33  1 1
-52.64 5.10 -4.33 12.22   1 1
-52.81 5.25 -4.34 12.21   1 1
-49.12 -5.36 -4.07 12.30  1 1
-46.04 -7.53 -4.10 12.34  1 1
-51.10 0.05 -4.19 12.26   1 1
-43.88 -16.72 -4.03 12.35 1 1
-43.92 -19.94 -3.96 12.35 1 1
-46.33 -22.32 -3.70 12.34 1 1
-43.86 -16.72 -4.03 12.35 1 1
-46.13 -19.21 -3.82 12.34 1 1
-48.26 -18.92 -3.68 12.3  1 1
						  