NaN	2014	95	-493.36	24.455	-143.56	1.415	1.145	5.02
NaN	2014	96	-497.91	28.023	-138.15	1.518	1.16	5.071
NaN	2014	97	-502.27	27.035	-155.81	1.424	1.126	5.032
NaN	2014	98	-506.02	26.6	-147.9	1.398	1.127	4.838
NaN	2014	99	-504.73	23.039	-151.58	1.363	1.102	4.775
NaN	2014	100	-506.64	22.22	-149.81	1.564	1.211	5.328
NaN	2014	101	-509.35	25.211	-143.75	1.674	1.343	5.47
NaN	2014	102	-511.67	23.428	-142.09	1.68	1.212	5.419
NaN	2014	103	-513.08	20.065	-149.51	1.37	1.118	4.759
NaN	2014	104	-514.64	21.082	-151.33	1.355	1.149	4.793
NaN	2014	105	-515.53	22.132	-147.77	1.349	1.113	4.733
NaN	2014	106	-517.65	23.4	-148.38	1.417	1.117	4.884
NaN	2014	107	-517.38	22.962	-152.27	1.444	1.167	5.081
NaN	2014	108	-518.26	21.834	-152.14	1.351	1.097	4.683
NaN	2014	109	-518.39	22.335	-156.95	1.351	1.132	4.866
NaN	2014	110	-521.76	20.939	-149.57	1.381	1.139	4.805
NaN	2014	111	-521.03	21.593	-148.71	1.398	1.146	4.941
NaN	2014	112	-519.56	22.04	-146.73	1.388	1.125	4.823
NaN	2014	113	-519.95	21.907	-151.4	1.344	1.131	4.685
NaN	2014	114	-521.24	20.308	-156.2	1.397	1.14	4.897
NaN	2014	115	-523.13	20.349	-156.96	1.332	1.087	4.64
NaN	2014	116	-523.71	19.256	-149.39	1.346	1.076	4.671
NaN	2014	117	-525.68	22.439	-147.12	1.395	1.101	4.863
NaN	2014	118	-526.15	19.508	-147.17	1.359	1.078	4.733
NaN	2014	119	-528.45	21.596	-151.31	1.374	1.084	4.757
NaN	2014	120	-526.34	20.506	-149.09	1.455	1.183	5.194
NaN	2014	121	-529.14	20.611	-155.03	1.356	1.071	4.671
NaN	2014	122	-528.34	21.394	-156.96	1.354	1.104	4.777
NaN	2014	123	-530.07	20.585	-152.03	1.354	1.087	4.704
NaN	2014	124	-531.95	21.757	-154.78	1.354	1.093	4.71
NaN	2014	125	-530.61	20.493	-153.05	1.368	1.095	4.735
NaN	2014	126	-530.84	20.957	-148.16	1.364	1.072	4.723
NaN	2014	127	-532.55	21.913	-155.25	1.343	1.069	4.643
NaN	2014	128	-532.05	20.566	-152.61	1.389	1.105	4.862
NaN	2014	129	-535.16	21.691	-153.23	1.394	1.102	4.85
NaN	2014	130	-532.93	19.844	-159.52	1.354	1.079	4.685
NaN	2014	131	-531.93	17.88	-139.23	1.366	1.066	4.722
NaN	2014	132	-533.79	20.03	-148.74	1.344	1.085	4.704
NaN	2014	133	-533.72	18.919	-160.32	1.355	1.088	4.728
NaN	2014	134	-533.34	20.047	-155.53	1.377	1.088	4.784
NaN	2014	135	-534.89	18.743	-158.67	1.355	1.111	4.91
NaN	2014	136	-537.22	20.183	-155.12	1.346	1.08	4.706
NaN	2014	137	-536.86	19.142	-158.01	1.351	1.071	4.677
NaN	2014	138	-536.37	18.2	-152.35	1.355	1.071	4.696
NaN	2014	139	-535.04	20.783	-156.59	1.364	1.084	4.736
NaN	2014	140	-535.35	19.707	-152.39	1.359	1.112	4.714
NaN	2014	141	-539.21	19.348	-157.68	1.386	1.107	4.742
NaN	2014	142	-536.99	18.807	-156.34	1.386	1.085	4.722
NaN	2014	143	-540.86	16.645	-157.67	1.362	1.076	4.727
NaN	2014	144	-540.03	19.337	-169.11	1.376	1.087	4.788
NaN	2014	145	-537.99	19.13	-157.03	1.352	1.085	4.752
NaN	2014	146	-539.43	19.848	-155.12	1.351	1.065	4.69
NaN	2014	147	-540.53	19.195	-158.33	1.406	1.106	4.864
NaN	2014	148	-540.83	20.537	-158.13	1.392	1.109	4.846
NaN	2014	149	-539.8	20.428	-159.08	1.395	1.099	4.837
NaN	2014	150	-540.13	20.096	-153.85	1.387	1.1	4.797
NaN	2014	151	-541.51	18.763	-152.89	1.385	1.109	4.794
NaN	2014	152	-542.93	18.115	-159.85	1.406	1.102	4.816
NaN	2014	153	-541.4	18.864	-161.34	1.396	1.097	4.815
NaN	2014	154	-540.65	20.475	-154.18	1.396	1.098	4.81
NaN	2014	155	-541.28	18.935	-162.83	1.405	1.114	4.823
NaN	2014	156	-542.74	18.116	-159.34	1.388	1.104	4.824
NaN	2014	157	-543.91	19.395	-160.48	1.38	1.103	4.752
NaN	2014	158	-544.57	17.329	-158.15	1.375	1.101	4.733
NaN	2014	159	-542.69	17.374	-157.66	1.392	1.104	4.792
NaN	2014	160	-543.08	18.422	-158.38	1.386	1.109	4.784
NaN	2014	161	-542.46	19.958	-157.37	1.375	1.106	4.753
NaN	2014	162	-543.41	20.105	-156.02	1.398	1.164	4.948
NaN	2014	163	-543.72	19.302	-159.63	1.453	1.13	4.882
NaN	2014	164	-543.02	17.546	-162.52	1.461	1.122	4.856
NaN	2014	165	-545.21	19.007	-158.59	1.418	1.119	4.854
NaN	2014	166	-545.23	18.32	-161.41	1.389	1.109	4.779
NaN	2014	167	-546.1	18.604	-159.53	1.409	1.143	4.954
NaN	2014	168	-543.74	20.28	-160.54	1.403	1.126	4.904
NaN	2014	169	-546.97	16.03	-158.32	1.382	1.105	4.809
NaN	2014	170	-547.09	19.542	-163.29	1.379	1.118	4.823
NaN	2014	171	-546.82	17.057	-166.65	1.391	1.119	4.855
NaN	2014	172	-546.2	16.886	-157.65	1.4	1.118	4.884
NaN	2014	173	-547.79	18.695	-160.5	1.383	1.116	4.84
NaN	2014	174	-547.21	18.739	-156.12	1.393	1.117	4.831
NaN	2014	175	-545.3	17.232	-166.01	1.486	1.153	5.239
NaN	2014	176	-549.51	17.741	-165.4	1.362	1.099	4.737
NaN	2014	177	-551.86	18.624	-159.99	1.423	1.108	4.891
NaN	2014	178	-549.26	19.592	-148.7	1.383	1.128	4.866
NaN	2014	179	-546.77	17.284	-158.84	1.408	1.101	4.798
NaN	2014	180	-547.62	17.462	-156.6	1.388	1.098	4.761
NaN	2014	181	-546.51	17.804	-158.66	1.388	1.097	4.767
NaN	2014	182	-549.95	17.536	-163.26	1.373	1.092	4.689
NaN	2014	183	-550.15	16.855	-158.63	1.363	1.1	4.725
NaN	2014	184	-549.74	17.989	-158.61	1.376	1.11	4.814
NaN	2014	185	-550.19	16.611	-154.99	1.367	1.104	4.732
NaN	2014	186	-549.4	15.84	-157.42	1.359	1.099	4.654
NaN	2014	187	-548.64	15.932	-164.68	1.381	1.112	4.771
NaN	2014	188	-549.86	16.663	-158.73	1.417	1.125	4.943
NaN	2014	189	-550.73	17.488	-160.56	1.385	1.115	4.799
NaN	2014	190	-548.8	17.752	-158.06	1.368	1.114	4.748
NaN	2014	191	-548.25	17.451	-156.1	1.386	1.165	4.862
NaN	2014	192	-551.55	16.945	-164.29	1.383	1.108	4.769
NaN	2014	193	-552.17	17.519	-159.76	1.394	1.126	4.785
NaN	2014	194	-550.94	18.17	-159.39	1.397	1.125	4.881
NaN	2014	195	-550.4	18.598	-154.99	1.376	1.128	4.78
NaN	2014	196	-552.86	16.512	-155.96	1.381	1.107	4.664
NaN	2014	197	-553	17.795	-158.71	1.411	1.119	4.819
NaN	2014	198	-553.98	17.106	-163.3	1.388	1.098	4.655
NaN	2014	199	-552.92	16.3	-160.55	1.397	1.11	4.735
NaN	2014	200	-552.97	16.677	-161.3	1.388	1.106	4.718
NaN	2014	201	-553.29	15.693	-161.1	1.372	1.091	4.636
NaN	2014	202	-551.89	16.113	-154.71	1.387	1.116	4.685
NaN	2014	203	-555.11	17.016	-164.32	1.392	1.11	4.733
NaN	2014	205	-554.71	15.508	-150.75	1.997	1.919	7.456
NaN	2014	206	-551.54	15.347	-152.11	1.392	1.098	4.718
NaN	2014	207	-552.53	16.413	-165.46	1.39	1.109	4.686
NaN	2014	208	-551.83	15.732	-160.09	1.431	1.13	4.906
NaN	2014	209	-553.04	17.492	-157.33	1.441	1.123	4.872
NaN	2014	210	-554.61	17.476	-162.55	1.421	1.13	4.855
NaN	2014	211	-555.28	15.819	-164.36	1.48	1.112	4.85
NaN	2014	212	-556.87	16.016	-161.51	1.402	1.108	4.705
NaN	2014	213	-555.77	17.929	-161.39	1.392	1.089	4.643
NaN	2014	214	-553.64	16.541	-167.78	1.403	1.092	4.658
NaN	2014	215	-556.52	15.38	-165.22	1.482	1.2	5.092
NaN	2014	216	-552.85	13.494	-166.34	1.407	1.099	4.665
NaN	2014	217	-552.78	15.437	-158.65	1.408	1.106	4.693
NaN	2014	218	-554.79	14.362	-160.08	1.418	1.095	4.652
NaN	2014	219	-553.78	16.326	-164.5	1.432	1.171	5.085
NaN	2014	220	-555.57	14.345	-171.66	1.511	1.229	5.342
NaN	2014	221	-555.56	13.553	-167.89	1.447	1.144	4.862
NaN	2014	222	-555.52	15.558	-162.39	1.448	1.108	4.748
NaN	2014	223	-555.99	15.816	-159.06	1.402	1.091	4.588
NaN	2014	224	-555.65	16.073	-163.24	1.441	1.128	4.711
NaN	2014	225	-556.12	14.434	-159.43	1.44	1.101	4.686
NaN	2014	226	-555.42	14.608	-160.06	1.502	1.155	4.81
NaN	2014	227	-554.58	15.828	-154.36	1.427	1.095	4.654
NaN	2014	228	-555.79	16.804	-162.71	1.421	1.097	4.652
NaN	2014	229	-556.08	14.765	-161.28	1.422	1.084	4.601
NaN	2014	230	-556.1	15.753	-171.11	1.47	1.132	4.806
NaN	2014	231	-555	16.747	-164.38	1.469	1.133	4.773
NaN	2014	232	-554.93	16.164	-162.99	1.467	1.134	4.847
NaN	2014	233	-555.7	16.398	-159.97	1.522	1.162	4.951
NaN	2014	234	-557.42	16.087	-166.41	1.498	1.14	4.853
NaN	2014	235	-559.25	18.01	-163.46	1.503	1.145	4.835
NaN	2014	236	-555.26	16.091	-155.67	1.456	1.123	4.752
NaN	2014	237	-555.38	16.53	-160.24	1.485	1.125	4.77
NaN	2014	238	-559.37	15.387	-166.53	1.516	1.132	4.986
NaN	2014	239	-557.29	14.486	-158.47	1.525	1.158	5.052
NaN	2014	240	-556.04	14.085	-167.23	1.583	1.177	5.244
NaN	2014	241	-557.92	15.169	-159.85	1.454	1.113	4.752
NaN	2014	242	-557.12	15.091	-157.89	1.545	1.145	4.977
NaN	2014	243	-560.06	17.393	-160.03	1.497	1.148	4.956
NaN	2014	244	-558.88	17.983	-165.22	1.471	1.125	4.816
NaN	2014	245	-558.55	15.314	-169.74	1.522	1.131	4.903
NaN	2014	246	-560.53	17.278	-169.12	1.474	1.113	4.771
NaN	2014	247	-559.2	16.027	-165.82	1.486	1.127	4.821
NaN	2014	248	-556.84	15.66	-158.42	1.495	1.128	4.9
NaN	2014	249	-558.24	14.029	-162.66	1.525	1.134	4.972
NaN	2014	250	-559.65	16.149	-163.17	1.534	1.135	4.9
NaN	2014	251	-559.29	15.723	-166.32	1.497	1.133	4.907
NaN	2014	252	-561.73	17.035	-164.9	1.488	1.148	4.884
NaN	2014	253	-561.07	13.501	-165.8	1.514	1.15	4.98
NaN	2014	254	-561.83	15.709	-156.03	1.521	1.137	4.925
NaN	2014	255	-560.54	15.353	-163.58	1.566	1.15	5.047
NaN	2014	256	-561.21	14.92	-166.87	1.553	1.163	5.059
NaN	2014	257	-557.49	13.737	-163.86	1.517	1.157	4.946
NaN	2014	258	-559.42	14.291	-161.47	1.568	1.163	5.113
NaN	2014	259	-562.28	12.529	-159.82	1.584	1.205	5.155
NaN	2014	260	-559.91	16.475	-162.56	1.553	1.147	5.076
NaN	2014	261	-561.24	13.444	-164.04	1.574	1.154	5.099
NaN	2014	262	-564.02	14.51	-161.84	1.698	1.278	5.349
NaN	2014	263	-562.5	16.555	-163.71	1.57	1.158	5.036
NaN	2014	264	-561.01	15.86	-164.38	1.624	1.221	5.152
NaN	2014	265	-563.57	15.534	-154.25	1.562	1.144	5.033
NaN	2014	266	-563.99	15.031	-158.43	1.63	1.241	5.405
NaN	2014	267	-564.66	15.512	-171.07	1.551	1.209	5.21
NaN	2014	268	-564.57	17.361	-162.84	1.573	1.165	5.061
NaN	2014	269	-567.77	17.33	-157.76	1.531	1.193	5.09
NaN	2014	270	-565.05	15.026	-165.12	1.572	1.208	5.166
NaN	2014	271	-563.88	17.766	-159.62	1.564	1.179	5.118
NaN	2014	272	-563.2	17.33	-157.35	1.71	1.302	5.844
NaN	2014	273	-562.53	15.462	-157.78	1.547	1.182	5.172
NaN	2014	274	-565.1	17.95	-159.57	1.459	1.162	4.96
NaN	2014	275	-562.88	18.402	-164.66	1.547	1.187	5.208
NaN	2014	276	-561.16	18.278	-152.56	1.582	1.168	5.175
NaN	2014	277	-566.4	16.429	-157.95	1.571	1.269	5.297
NaN	2014	278	-562.28	18.282	-166.28	1.509	1.159	4.975
NaN	2014	279	-563.54	17.253	-161.38	1.516	1.211	5.118
NaN	2014	280	-567.66	17.626	-158.3	1.496	1.207	5.176
NaN	2014	281	-566.68	16.502	-162.31	1.608	1.238	5.303
NaN	2014	282	-570.18	20.471	-141.82	1.673	1.288	5.521
NaN	2014	283	-562.35	15.91	-163.37	1.54	1.232	5.218
NaN	2014	284	-563.76	17.06	-172.18	1.468	1.179	5.032
NaN	2014	285	-564.53	18.217	-163.05	1.461	1.167	5.022
NaN	2014	286	-564.61	13.894	-161.81	1.496	1.175	5.121
NaN	2014	287	-566.45	13.651	-171.6	1.454	1.157	5.003
NaN	2014	288	-566.37	15.707	-164.26	1.456	1.154	5.019
NaN	2014	289	-565.38	18.061	-163.13	1.609	1.233	5.471
NaN	2014	290	-565.45	19.571	-168.56	1.601	1.188	5.305
NaN	2014	291	-567.15	18.415	-164.59	1.603	1.245	5.717
NaN	2014	292	-567.66	14.693	-161.62	1.672	1.313	5.808
NaN	2014	293	-567.55	14.736	-161.27	1.638	1.305	5.559
NaN	2014	294	-567.4	16.954	-165.68	1.446	1.168	5.105
NaN	2014	295	-570.55	15.798	-169.78	1.6	1.226	5.355
NaN	2014	296	-570.13	16.713	-158.78	1.619	1.305	5.742
NaN	2014	297	-565.86	13.563	-165.11	1.523	1.275	5.474
NaN	2014	298	-569.11	18.017	-161.8	1.755	1.368	6.075
NaN	2014	299	-568.23	17.724	-155.14	1.68	1.333	5.864
NaN	2014	300	-566.76	17.117	-149.84	1.69	1.297	5.831
NaN	2014	301	-567.2	15.26	-162.75	1.453	1.17	5.21
NaN	2014	302	-571.48	17.092	-157.29	1.704	1.3	5.655
NaN	2014	303	-567.66	18.77	-163.88	1.716	1.321	5.72
NaN	2014	304	-568.23	17.622	-160.69	1.463	1.154	5.179
NaN	2014	305	-566.96	18.979	-159.12	1.489	1.185	5.302
NaN	2014	306	-569.36	18.83	-153.06	1.481	1.159	5.327
NaN	2014	307	-568.76	17.333	-170.64	1.77	1.383	6.17
NaN	2014	308	-569.11	17.602	-160.46	1.471	1.166	5.257
NaN	2014	309	-570.25	18.762	-160.91	1.552	1.203	5.566
NaN	2014	310	-568.11	20.542	-155.83	1.705	1.4	6.277
NaN	2014	311	-567.35	19.985	-154.89	1.478	1.24	5.575
NaN	2014	312	-568.11	19.757	-158.11	1.446	1.238	5.339
NaN	2014	313	-568.01	18.421	-165.66	1.611	1.242	5.575
NaN	2014	314	-566.39	19.613	-160.32	1.714	1.383	6.145
NaN	2014	315	-567.82	21.371	-159.51	1.454	1.156	5.165
NaN	2014	316	-571.77	18.196	-151.98	1.471	1.166	5.215
NaN	2014	317	-565.93	18.749	-163.84	3.425	2.001	9.373
NaN	2014	318	-566.1	19.456	-158.62	2.92	1.986	8.902
NaN	2014	319	-568.25	20.321	-163.76	1.771	1.406	5.962
NaN	2014	320	-567.35	21.057	-164.8	1.741	1.284	5.595
NaN	2014	321	-567.99	21.674	-155.64	1.933	1.408	6.411
NaN	2014	322	-567.32	22.584	-156.44	1.911	1.429	6.162
NaN	2014	323	-565.28	20.252	-168.1	1.909	1.427	6.31
NaN	2014	324	-567.59	19.32	-165.85	1.805	1.401	5.918
NaN	2014	325	-567.54	21.078	-159.39	1.863	1.448	5.858
NaN	2014	326	-570.61	22.478	-164.81	1.81	1.342	5.669
NaN	2014	327	-569.2	22.336	-164.82	1.547	1.247	5.283
NaN	2014	328	-567.71	20.222	-168.05	1.913	1.393	6.147
NaN	2014	329	-569.15	20.126	-167.49	1.923	1.445	5.949
NaN	2014	330	-566.24	20.873	-162.47	1.924	1.446	5.991
NaN	2014	331	-567.38	21.06	-165.32	1.948	1.442	6.14
NaN	2014	332	-566.26	23.861	-162.71	1.646	1.268	5.493
NaN	2014	333	-568.07	21.414	-163.26	1.921	1.37	6.01
NaN	2014	334	-569.29	21.069	-164.75	2.18	1.547	6.588
NaN	2014	335	-566.84	17.91	-164.83	2.032	1.475	6.159
NaN	2014	336	-570.45	21.334	-170.38	1.832	1.383	5.62
NaN	2014	337	-568.64	23.799	-165.9	1.99	1.414	5.85
NaN	2014	338	-571.35	21.193	-162.23	1.846	1.376	5.643
NaN	2014	339	-569.82	21.543	-159.31	1.524	1.206	5.072
NaN	2014	340	-565.75	22.874	-166.08	1.757	1.365	5.625
NaN	2014	341	-567.49	19.409	-166.43	1.862	1.407	5.719
NaN	2014	342	-564.56	20.98	-163.11	1.609	1.275	5.411
NaN	2014	343	-568.75	24.101	-158.17	1.851	1.405	5.882
NaN	2014	344	-567.76	23.803	-166.53	1.959	1.436	6.137
NaN	2014	345	-567.62	23.316	-171.12	1.908	1.432	6.074
NaN	2014	346	-568.02	22.346	-156.2	1.765	1.355	5.674
NaN	2014	347	-568.67	23.828	-161.51	1.471	1.202	5.012
NaN	2014	348	-563.98	21.468	-165.79	1.462	1.204	5.05
NaN	2014	349	-567.02	21.125	-151.99	1.738	1.367	5.665
NaN	2014	350	-567.29	20.403	-168.35	1.851	1.449	5.751
NaN	2014	351	-569.27	23.118	-158.44	2.011	1.563	5.951
NaN	2014	352	-568.9	23.466	-163.16	1.795	1.332	5.721
NaN	2014	353	-567.13	23.933	-146.59	1.772	1.334	5.54
NaN	2014	354	-567.85	23.314	-156.69	1.832	1.45	6.07
NaN	2014	355	-569.87	24.379	-156.71	1.767	1.391	5.702
NaN	2014	356	-568.32	24.631	-169.66	1.581	1.279	5.618
NaN	2014	357	-569.13	23.451	-168.15	1.816	1.485	6.186
NaN	2014	358	-568.78	22.857	-162.9	1.454	1.24	5.098
NaN	2014	359	-567.39	22.388	-159.26	1.443	1.229	5.019
NaN	2014	360	-572.55	22.701	-157.75	1.479	1.238	5.14
NaN	2014	361	-568.06	21.802	-169.85	1.523	1.311	5.192
NaN	2014	362	-566.89	22.029	-158.74	1.747	1.433	5.783
NaN	2014	363	-569.05	23.845	-156.15	1.632	1.331	5.472
NaN	2014	364	-566.06	21.949	-166.56	1.436	1.252	5.047
NaN	2014	365	-568.32	21.631	-157.16	1.75	1.507	6.006
NaN	2015	1	-568.3	22.661	-164.84	1.569	1.36	5.617
NaN	2015	2	-568.96	23.183	-166.2	1.835	1.377	5.868
NaN	2015	3	-567.36	23.423	-160.64	1.668	1.325	5.541
NaN	2015	4	-572.51	23.421	-161.95	1.804	1.391	5.453
NaN	2015	5	-570.48	23.81	-165.73	1.945	1.523	6.32
NaN	2015	6	-566.1	26.015	-159.49	1.644	1.34	5.549
NaN	2015	7	-567.59	25.241	-151.93	1.921	1.444	5.913
NaN	2015	8	-572.98	26.488	-157.82	1.432	1.3	5.133
NaN	2015	9	-571.31	26.381	-168.09	1.599	1.455	5.852
NaN	2015	10	-569.3	25.666	-156.1	1.57	1.363	5.412
NaN	2015	11	-567.95	23.887	-159.36	1.514	1.402	5.258
NaN	2015	12	-567.61	23.18	-167.87	1.571	1.37	5.499
NaN	2015	13	-568.58	23.79	-164.49	1.432	1.289	5.077
NaN	2015	14	-567.41	24.772	-158.83	1.455	1.293	5.174
NaN	2015	15	-568.41	24.545	-168.03	1.446	1.301	5.203
NaN	2015	16	-565.24	25.104	-172.41	1.78	1.478	5.852
NaN	2015	17	-571.3	23.126	-164.69	1.665	1.396	5.672
NaN	2015	18	-569.12	23.456	-168.99	1.784	1.466	5.725
NaN	2015	19	-571.77	25.602	-165.59	1.598	1.35	5.42
NaN	2015	20	-569.22	24.121	-173.73	1.574	1.333	5.314
NaN	2015	21	-569.48	24.963	-162.42	1.52	1.345	5.37
NaN	2015	22	-567.23	20.968	-172.39	1.574	1.358	5.371
NaN	2015	23	-563.77	21.335	-161.86	1.794	1.396	5.64
NaN	2015	24	-568.74	22.031	-172.79	1.756	1.524	5.945
NaN	2015	25	-568.94	22.865	-166.54	1.643	1.421	5.502
NaN	2015	26	-569.01	23.958	-164.44	1.478	1.33	5.149
NaN	2015	27	-571.36	22.736	-172.14	1.624	1.42	5.423
NaN	2015	28	-569.68	26.45	-165.85	1.584	1.382	5.446
NaN	2015	29	-567.37	23.564	-169.83	1.824	1.531	5.628
NaN	2015	30	-570.53	23.243	-170.43	1.679	1.431	5.654
NaN	2015	31	-571.15	22.81	-160.67	1.62	1.5	5.504
NaN	2015	32	-572.12	24.949	-179.71	1.507	1.321	5.166
NaN	2015	33	-569.72	25.378	-172.99	1.749	1.567	5.673
NaN	2015	34	-570.25	23.376	-173.96	1.81	1.633	6.035
NaN	2015	35	-573.64	24.271	-175.68	1.649	1.535	5.794
NaN	2015	36	-569.76	24.641	-169.94	1.868	1.541	6.136
NaN	2015	37	-571.33	23.113	-170.89	1.703	1.615	5.884
NaN	2015	38	-567.56	20.055	-189.26	1.745	1.498	5.858
NaN	2015	39	-571.11	21.297	-180	1.684	1.566	5.735
NaN	2015	40	-571.3	21.788	-174.74	1.518	1.361	5.238
NaN	2015	41	-574.22	21.421	-168.21	1.519	1.339	5.091
NaN	2015	42	-575.89	25.469	-175.85	1.763	1.46	5.686
NaN	2015	43	-574.32	26.6	-167.02	1.696	1.487	5.677
NaN	2015	44	-571.21	24.168	-174.12	1.896	1.55	6.098
NaN	2015	45	-573.41	22.917	-181.71	1.749	1.465	5.967
NaN	2015	46	-573.24	23.726	-171.91	1.729	1.481	5.649
NaN	2015	47	-573.38	25.674	-168.82	1.628	1.444	5.51
NaN	2015	48	-573.15	25.236	-187.56	1.799	1.554	5.976
NaN	2015	49	-571.93	20.841	-182.68	1.704	1.54	5.672
NaN	2015	50	-570.46	24.491	-166.49	1.798	1.567	5.976
NaN	2015	51	-570.91	22.919	-170.73	1.64	1.437	5.473
NaN	2015	52	-573.29	24.724	-176.52	1.52	1.357	5.107
NaN	2015	53	-573.06	22.494	-171.57	1.727	1.523	5.739
NaN	2015	54	-575.38	25.011	-175.78	1.642	1.46	5.567
NaN	2015	199	-576.16	27.842	-171.47	0.835	0.745	3.186
NaN	2015	200	-574.93	25.417	-173	0.846	0.745	3.225
NaN	2015	201	-574.09	26.073	-169.52	0.851	0.744	3.212
NaN	2015	202	-575.23	23.76	-170.77	0.847	0.748	3.233
NaN	2015	203	-575.77	24.54	-175.54	0.849	0.744	3.223
NaN	2015	204	-574.43	25.026	-181.46	0.834	0.75	3.2
NaN	2015	205	-574.69	28.567	-168.85	0.842	0.746	3.231
NaN	2015	206	-575.14	27.135	-176.48	0.84	0.749	3.213
NaN	2015	207	-575.49	26.626	-173.47	0.845	0.75	3.242
NaN	2015	208	-575.72	25.547	-172.93	0.847	0.751	3.248
NaN	2015	209	-576.69	25.523	-177.94	0.884	0.764	3.311
NaN	2015	210	-575.58	25.15	-178.86	0.872	0.756	3.253
NaN	2015	211	-576.99	26.014	-172.11	0.83	0.747	3.171
NaN	2015	212	-575.08	24.627	-174.19	0.844	0.748	3.231
NaN	2015	213	-577.66	27.931	-181.98	0.841	0.75	3.207
NaN	2015	214	-575.93	24.554	-171.72	0.845	0.751	3.246
NaN	2015	215	-576.53	25.278	-176.09	0.841	0.754	3.211
NaN	2015	216	-577.64	26.308	-180.56	0.851	0.766	3.3
NaN	2015	217	-578.55	25.98	-173.01	0.835	0.765	3.249
NaN	2015	218	-577.13	27.593	-171.59	0.855	0.765	3.323
NaN	2015	219	-577.11	27.243	-174.33	0.841	0.762	3.261
NaN	2015	220	-578.17	27.248	-173.93	0.868	0.783	3.356
NaN	2015	221	-577.26	24.104	-176.79	0.87	0.785	3.374
NaN	2015	222	-578.04	24.574	-180.63	0.85	0.773	3.318
NaN	2015	223	-577.3	25.106	-181.12	0.851	0.767	3.304
NaN	2015	224	-577.27	24.972	-178.25	0.855	0.767	3.296
NaN	2015	225	-576.97	25.715	-181.18	0.878	0.769	3.368
NaN	2015	226	-577.85	26.513	-170.03	0.85	0.745	3.25
NaN	2015	227	-578.51	25.578	-175.44	0.846	0.75	3.276
NaN	2015	228	-576.65	25.844	-183.67	0.858	0.762	3.325
NaN	2015	229	-577	25.442	-176.38	0.843	0.751	3.245
NaN	2015	230	-576.95	25.13	-178.15	0.852	0.756	3.31
NaN	2015	231	-576.52	25.511	-175.49	0.898	0.783	3.383
NaN	2015	232	-576.85	24.748	-176.64	0.838	0.747	3.24
NaN	2015	233	-578.09	25.06	-174.41	0.863	0.761	3.311
NaN	2015	234	-576.54	25.696	-175.47	0.848	0.752	3.253
NaN	2015	235	-576.23	28.459	-177.46	0.85	0.761	3.29
NaN	2015	236	-577.63	27.671	-176.53	0.848	0.754	3.267
NaN	2015	237	-578.79	26.654	-171.98	0.847	0.763	3.313
NaN	2015	238	-577.93	25.301	-180.19	0.841	0.757	3.256
NaN	2015	239	-576.21	27.28	-179.77	0.879	0.779	3.353
NaN	2015	240	-577.88	25.124	-175.83	0.894	0.786	3.4
NaN	2015	241	-576.94	27.445	-179.12	0.847	0.753	3.273
NaN	2015	242	-577.91	27.144	-179.78	0.847	0.754	3.251
NaN	2015	243	-576.59	26.441	-178.53	0.847	0.753	3.276
NaN	2015	244	-575.95	28.852	-176.15	0.851	0.763	3.264
NaN	2015	245	-575.78	27.614	-179.27	0.857	0.766	3.284
NaN	2015	246	-577.19	27.939	-176.68	0.844	0.754	3.242
NaN	2015	247	-575.49	28.484	-179.23	0.895	0.777	3.403
NaN	2015	248	-576.92	27.22	-177.92	0.849	0.758	3.299
NaN	2015	249	-578.24	28.001	-177.32	0.843	0.751	3.25
NaN	2015	250	-577.25	26.725	-173.96	0.864	0.76	3.305
NaN	2015	251	-576.87	26.998	-175.05	0.846	0.757	3.263
NaN	2015	252	-579.36	28.451	-178.25	0.835	0.755	3.242
NaN	2015	253	-579.23	25.834	-178.44	0.856	0.758	3.304
NaN	2015	254	-576.75	26.61	-176.53	0.891	0.786	3.421
NaN	2015	255	-578.42	26.589	-176.76	0.844	0.751	3.268
NaN	2015	256	-578.7	27.294	-176.3	0.888	0.79	3.383
NaN	2015	257	-577.45	29.15	-170.83	0.848	0.763	3.288
NaN	2015	258	-578.09	27.496	-174.95	0.848	0.752	3.266
NaN	2015	259	-579.85	28.441	-167.01	0.866	0.761	3.312
NaN	2015	260	-577.25	26.166	-169.5	0.869	0.756	3.306
NaN	2015	261	-579.66	25.68	-176.42	0.873	0.76	3.305
NaN	2015	262	-578.74	26.935	-172.62	0.871	0.777	3.322
NaN	2015	263	-578.56	27.335	-170.55	0.856	0.763	3.29
NaN	2015	264	-580.01	27.26	-170.79	0.866	0.759	3.319
NaN	2015	265	-580.45	28.881	-174.45	0.856	0.763	3.298
NaN	2015	266	-578.67	27.763	-167.87	0.893	0.785	3.434
NaN	2015	267	-580.01	27.895	-165.46	0.879	0.762	3.264
NaN	2015	268	-579.27	30.05	-173.08	0.896	0.781	3.397
NaN	2015	269	-576.87	29.366	-173.53	0.925	0.795	3.422
NaN	2015	270	-577.43	27.573	-173.12	0.873	0.772	3.371
NaN	2015	271	-578.91	27.745	-171.35	0.907	0.799	3.414
NaN	2015	272	-578.48	26.68	-168.95	0.924	0.803	3.455
NaN	2015	273	-579.73	29.423	-167.14	0.971	0.861	3.608
NaN	2015	274	-581.53	29.95	-173.11	0.92	0.809	3.506
NaN	2015	275	-582.06	27.228	-171.67	0.86	0.774	3.339
NaN	2015	276	-578.98	32.446	-172.99	1.721	1.757	7.075
NaN	2015	277	-581.18	33.045	-170.8	1.721	1.665	6.556
NaN	2015	278	-580.6	31.553	-170.25	1.614	1.602	6.359
NaN	2015	279	-578.02	29.315	-178.25	1.783	1.753	7.01
NaN	2015	280	-580.23	28.998	-179.18	1.608	1.608	6.296
NaN	2015	281	-577.77	26.552	-169.63	1.571	1.595	6.232
NaN	2015	282	-577.31	30.548	-172.74	1.598	1.603	6.45
NaN	2015	283	-579.11	29.89	-171.68	1.55	1.564	6.16
NaN	2015	284	-579.34	30.712	-174.02	1.588	1.624	6.352
NaN	2015	285	-578.89	28.62	-175.37	1.648	1.624	6.594
NaN	2015	286	-580.08	30.191	-170.18	1.596	1.632	6.549
NaN	2015	287	-576.07	29.86	-169.64	1.595	1.588	6.413
NaN	2015	288	-579.59	29.906	-167.89	1.844	2.034	7.436
NaN	2015	289	-579.1	30.685	-170.6	1.713	1.699	6.825
NaN	2015	290	-579.61	31.463	-154.35	1.947	2.117	8.136
NaN	2015	291	-578.7	30.839	-176.09	1.789	2.017	7.856
NaN	2015	292	-578.12	30.492	-161.85	1.54	1.603	6.173
NaN	2015	293	-574.83	31.57	-165.95	1.614	1.771	6.581
NaN	2015	294	-578.35	30.472	-165.55	2.06	2.226	7.877
NaN	2015	295	-573.39	28.041	-180.73	1.962	1.895	7.495
NaN	2015	296	-578.04	27.322	-168.1	1.709	1.998	7.094
NaN	2015	297	-577.05	29.126	-175.88	1.665	1.846	6.897
NaN	2015	298	-578.65	30.047	-169.95	1.675	1.894	6.829
NaN	2015	299	-576.42	31.845	-178.23	1.849	2.221	7.266
NaN	2015	300	-578.85	29.068	-169.26	1.614	1.696	6.3
NaN	2015	301	-576.26	29.676	-173.16	1.523	1.609	5.979
NaN	2015	302	-576.32	29.509	-172.5	1.597	1.872	6.677
NaN	2015	303	-577.82	26.756	-176.62	1.603	1.876	6.578
NaN	2015	304	-577.09	29.216	-166.46	1.502	1.593	5.911
NaN	2015	305	-576.2	31.586	-167.92	1.491	1.577	5.902
NaN	2015	306	-576.51	27.53	-156.51	1.686	1.757	6.343
NaN	2015	307	-575.99	29.245	-167.68	1.883	1.899	6.999
NaN	2015	308	-577.74	32.519	-158.33	1.548	1.632	6.154
NaN	2015	311	-581.13	32.363	-159.78	1.722	1.658	6.228
NaN	2015	313	-582.07	31.028	-168.9	1.689	1.626	6.015
NaN	2015	314	-584.5	28.217	-158.02	1.816	1.666	6.305
NaN	2015	320	-582.08	33.167	-176.19	1.779	1.674	6.168
NaN	2015	321	-580.99	29.917	-161.58	1.707	1.62	6.017
NaN	2015	323	-579.93	27.101	-164.37	1.772	1.656	6.105
NaN	2015	327	-579.49	30.679	-165.43	1.702	1.621	6.13
NaN	2015	331	-581.01	31.835	-171.29	1.973	1.917	6.799
NaN	2015	333	-578.24	30.626	-166.16	1.657	1.612	6.025
NaN	2015	334	-576.42	30.103	-168.78	1.784	1.639	6.159
NaN	2015	337	-577.9	30.684	-169.36	1.712	1.63	6.245
NaN	2015	338	-578.77	29.534	-167.02	1.656	1.61	6.007
NaN	2015	339	-578.07	31.637	-173.07	1.724	1.636	6.17
NaN	2015	343	-573.08	30.846	-182.36	1.8	1.724	6.558
NaN	2015	346	-578.95	32.018	-173.65	1.672	1.637	6.023
NaN	2015	347	-579.49	31.573	-158.49	1.702	1.661	6.082
NaN	2015	349	-578.4	32.745	-175.82	1.634	1.614	5.988
NaN	2015	350	-576.28	31.642	-156.13	1.66	1.611	6.145
NaN	2015	351	-578.67	30.391	-161.43	1.634	1.616	5.972
NaN	2015	352	-578.17	31.329	-165.75	1.655	1.625	6.005
NaN	2015	353	-581.84	29.921	-167.37	1.729	1.712	6.354
NaN	2015	354	-580.78	34.019	-160.66	1.681	1.619	6.018
NaN	2015	355	-581.92	30.366	-166.72	1.659	1.597	5.985
NaN	2015	356	-578.96	34.737	-160.94	1.693	1.641	6.214
NaN	2015	357	-578.85	33.197	-169.47	1.81	1.743	6.323
NaN	2015	358	-579.28	33.081	-156.97	1.727	1.709	6.214
NaN	2015	359	-580.12	33.243	-164.6	1.649	1.644	6.112
NaN	2015	360	-580.01	35.325	-157.67	1.623	1.621	5.938
NaN	2015	361	-580.43	36.403	-161.1	1.607	1.594	5.867
NaN	2015	362	-579.54	36.071	-162.04	1.672	1.658	5.971
NaN	2015	363	-576.95	35.905	-157.91	1.683	1.669	5.991
NaN	2015	364	-579.27	37.096	-165.19	1.627	1.627	5.976
NaN	2015	365	-577.35	34.564	-161.36	1.626	1.624	5.966
NaN	2016	1	-576.49	36.156	-160.66	1.65	1.626	6.328
NaN	2016	2	-579.32	36.537	-171.12	1.667	1.642	6.084
NaN	2016	3	-577.38	33.881	-162.75	1.616	1.672	6.057
NaN	2016	4	-578.05	35.673	-167.7	1.585	1.542	5.749
NaN	2016	5	-577.03	35.974	-164.26	1.487	1.502	5.56
NaN	2016	6	-577.15	33.066	-172.3	1.643	1.66	6.085
NaN	2016	7	-574.4	35.936	-164.87	1.704	1.619	6.015
NaN	2016	8	-578.4	33.051	-161.31	1.686	1.649	6.086
NaN	2016	9	-575.42	31.886	-164.81	1.697	1.653	6.055
NaN	2016	10	-580.46	33.048	-163.42	1.658	1.641	6.126
NaN	2016	11	-578.46	30.43	-166.29	1.623	1.621	5.924
NaN	2016	12	-576.65	31.952	-164.85	1.594	1.625	5.949
NaN	2016	13	-579.88	33.421	-160.4	1.686	1.642	6.102
NaN	2016	14	-581.12	34.287	-167.26	1.616	1.612	5.946
NaN	2016	15	-579.15	32.79	-161.83	1.727	1.802	6.716
NaN	2016	16	-578.56	33.619	-155.24	1.609	1.632	5.951
NaN	2016	17	-577.34	34.208	-169.66	1.644	1.654	6.061
NaN	2016	18	-578.59	36.817	-180.3	1.607	1.62	6.008
NaN	2016	19	-581	37.287	-162.97	1.77	1.725	6.587
NaN	2016	20	-576.79	38.072	-164.68	1.653	1.665	6.274
NaN	2016	21	-578.51	36.468	-164.96	1.602	1.682	6.238
NaN	2016	22	-576.44	32.111	-162.13	1.577	1.64	5.992
NaN	2016	23	-575.75	37.06	-185.87	1.636	1.688	6.33
NaN	2016	24	-580.62	31.497	-163.72	1.669	1.676	6.278
NaN	2016	25	-580.6	39.54	-162.53	1.84	1.847	6.765
NaN	2016	26	-581.34	34.477	-179.98	1.629	1.621	6.11
NaN	2016	27	-577.89	32.675	-160.95	1.675	1.663	6.33
NaN	2016	28	-579.01	33.569	-169.89	1.624	1.645	6.129
NaN	2016	29	-577.02	35.225	-161.91	1.701	1.76	6.524
NaN	2016	30	-577.41	37.306	-171.02	1.63	1.63	6.123
NaN	2016	31	-579.29	36.093	-163.05	1.741	1.691	6.526
NaN	2016	32	-579.24	32.77	-159.06	1.687	1.676	6.453
NaN	2016	33	-576.07	33.48	-169.44	1.659	1.656	6.554
NaN	2016	34	-578.27	33.997	-172.76	1.67	1.771	6.377
NaN	2016	35	-578.19	31.612	-172.69	1.682	1.738	6.477
NaN	2016	36	-578.97	31.629	-176.66	1.705	1.697	6.62
NaN	2016	37	-579.65	34.787	-175.28	1.652	1.642	6.412
NaN	2016	38	-577.01	32.491	-178.76	1.647	1.732	6.356
NaN	2016	39	-569.71	37.203	-143.71	1.775	1.893	7.215
NaN	2016	40	-577.05	33.493	-168.29	1.613	1.645	6.28
NaN	2016	41	-580.46	33.801	-180.9	1.645	1.654	6.4
NaN	2016	42	-578.42	35.214	-173.37	1.736	1.829	6.835
NaN	2016	43	-574.91	33.875	-170.01	1.628	1.721	6.336
NaN	2016	44	-577.28	34.862	-166.53	1.633	1.768	6.446
NaN	2016	45	-579.14	34.42	-175.31	1.722	1.788	6.796
NaN	2016	46	-579.68	31.478	-181.57	1.743	1.771	6.667
NaN	2016	47	-576.94	32.812	-181.92	1.58	1.61	6.233
NaN	2016	48	-575.03	32.875	-166.22	1.635	1.672	6.399
NaN	2016	49	-578.79	36.886	-181.43	1.65	1.655	6.492
NaN	2016	50	-577.11	35.01	-167.2	1.615	1.678	6.41
NaN	2016	51	-579.99	32.861	-176.22	1.674	1.729	6.449
NaN	2016	52	-579.02	34.864	-172.95	1.578	1.6	6.207
NaN	2016	53	-578.37	34.714	-171.98	1.653	1.633	6.494
NaN	2016	55	-576.24	33.961	-167	1.603	1.623	6.297
NaN	2016	56	-577.62	34.275	-173.91	1.591	1.624	6.244
NaN	2016	57	-575.54	36.449	-169.53	1.634	1.867	6.201
NaN	2016	58	-575.12	35.965	-169.69	1.598	1.616	6.411
NaN	2016	61	-576.84	38.264	-169.55	1.577	1.641	6.279
NaN	2016	63	-574.47	30.137	-176.39	1.784	1.74	6.917
NaN	2016	64	-576.39	36.219	-177.45	1.63	1.67	6.44
NaN	2016	69	-562.99	28.743	-195.76	2.514	1.759	6.865
NaN	2016	71	-575.39	34.509	-183.6	1.624	1.706	6.552
NaN	2016	73	-574.28	38.465	-175.47	1.621	1.708	6.453
NaN	2016	74	-577.81	37.484	-174.35	1.618	1.642	6.54
NaN	2016	77	-577.72	39.053	-191.24	1.698	1.781	7.069
NaN	2016	78	-576.26	34.423	-176.1	1.655	1.66	6.647
NaN	2016	79	-577.26	34.296	-168.53	1.569	1.599	6.421
NaN	2016	80	-579.4	37.725	-170.57	1.559	1.61	6.401
NaN	2016	82	-578.83	38.239	-171.56	1.648	1.667	6.681
NaN	2016	83	-579.71	36.626	-185.2	1.642	1.669	6.776
NaN	2016	84	-575.71	36.08	-169.96	1.591	1.623	6.498
NaN	2016	86	-576.16	34.8	-178.62	1.568	1.653	6.46
NaN	2016	87	-576.99	37.788	-172.38	1.567	1.625	6.524
NaN	2016	90	-577.62	37.082	-177.89	1.607	1.647	6.553
NaN	2016	92	-577.7	36.945	-164.77	1.582	1.614	6.527
NaN	2016	93	-576.68	39.582	-161.3	1.582	1.625	6.446
NaN	2016	94	-578.02	37.662	-173.78	1.598	1.635	6.635
NaN	2016	97	-577.4	34.235	-166.52	1.556	1.612	6.53
NaN	2016	102	-572.97	36.211	-167.83	1.527	1.584	6.435
NaN	2016	103	-578.56	38.08	-167.98	1.511	1.557	6.269
NaN	2016	105	-574.73	38.602	-172	1.544	1.582	6.459
NaN	2016	108	-577.66	38.759	-169.12	1.551	1.589	6.524
NaN	2017	244	-566.85	53.914	-170.91	0.848	0.785	3.457
NaN	2017	245	-566.35	53.878	-174.84	0.804	0.764	3.317
NaN	2017	246	-567.45	51.218	-177.25	0.822	0.783	3.414
NaN	2017	247	-564.92	52.101	-175.98	0.812	0.768	3.37
NaN	2017	248	-564.77	53.952	-174.32	0.806	0.766	3.311
NaN	2017	249	-565.9	54.027	-171.35	0.824	0.774	3.357
NaN	2017	250	-566.16	52.772	-177.03	0.818	0.792	3.481
NaN	2017	251	-564.84	55.494	-178.98	0.83	0.775	3.41
NaN	2017	252	-565.41	52.206	-173.37	0.815	0.761	3.325
NaN	2017	253	-563.88	51.857	-168.05	0.825	0.778	3.392
NaN	2017	254	-563.92	54.716	-170.25	0.809	0.762	3.305
NaN	2017	255	-566.27	53.167	-174.13	0.816	0.771	3.354
NaN	2017	256	-564.13	53.407	-175.14	0.826	0.776	3.41
NaN	2017	257	-562.3	52.674	-176.4	0.833	0.782	3.459
NaN	2017	258	-565.61	53.135	-171.93	0.832	0.776	3.418
NaN	2017	259	-564.5	53.241	-170.21	0.828	0.766	3.38
NaN	2017	260	-564.41	53.076	-175.93	0.82	0.766	3.365
NaN	2017	261	-566.67	53.152	-180.43	0.831	0.769	3.395
NaN	2017	262	-566.92	55.011	-173.32	0.81	0.755	3.309
NaN	2017	263	-564.83	54.167	-174.33	0.809	0.759	3.304
NaN	2017	264	-562.61	57.557	-169.52	0.821	0.775	3.376
NaN	2017	265	-566.24	52.913	-177.19	0.812	0.763	3.331
NaN	2017	266	-563.27	54.834	-172.16	0.833	0.789	3.465
NaN	2017	267	-566.13	51.468	-175.69	0.812	0.766	3.329
NaN	2017	268	-566.16	53.569	-174.71	0.817	0.767	3.35
NaN	2017	269	-563.74	55.591	-176.75	0.821	0.777	3.359
NaN	2017	270	-563.32	53.581	-174.73	0.821	0.771	3.428
NaN	2017	271	-564.7	55.537	-170.88	0.804	0.758	3.295
NaN	2017	272	-565.11	55.352	-175.54	0.81	0.758	3.314
NaN	2017	273	-566.11	54.033	-174.79	0.81	0.768	3.317
NaN	2017	274	-564.5	55.796	-171.77	0.811	0.776	3.351
NaN	2017	275	-565.59	58.159	-166.86	0.814	0.766	3.361
NaN	2017	276	-564.19	54.28	-173.51	0.831	0.796	3.419
NaN	2017	277	-565.38	53.228	-172.13	0.858	0.788	3.452
NaN	2017	278	-565.42	52.845	-173.56	0.835	0.804	3.432
NaN	2017	279	-565	54.334	-178.83	0.806	0.764	3.317
NaN	2017	280	-564.15	54.175	-175.58	0.808	0.762	3.333
NaN	2017	281	-564.42	55.506	-171.91	0.816	0.768	3.38
NaN	2017	282	-563.91	56.137	-174.92	0.809	0.766	3.334
NaN	2017	283	-565.67	56.934	-173.3	0.816	0.766	3.337
NaN	2017	284	-563.24	55.881	-174.1	0.802	0.766	3.298
NaN	2017	285	-567.05	56.71	-169.11	0.823	0.775	3.392
NaN	2017	286	-564.99	57.026	-173.53	0.807	0.764	3.34
NaN	2017	287	-563.89	57.43	-168.02	0.808	0.76	3.322
NaN	2017	288	-564.33	55.63	-170.19	0.842	0.799	3.483
NaN	2017	289	-563.87	55.402	-169.44	0.815	0.769	3.369
NaN	2017	290	-568.01	54.972	-173.83	0.807	0.77	3.347
NaN	2017	291	-566.47	58.067	-170.48	0.81	0.763	3.325
NaN	2017	292	-564.58	54.234	-176.35	0.811	0.78	3.32
NaN	2017	293	-566.25	55.333	-176.34	0.81	0.782	3.319
NaN	2017	294	-564.91	55.235	-176.09	0.812	0.767	3.341
NaN	2017	295	-566.22	55.137	-181.37	0.841	0.794	3.449
NaN	2017	296	-566.56	56.285	-177.19	0.81	0.78	3.33
NaN	2017	297	-566.47	54.797	-178.59	0.799	0.76	3.283
NaN	2017	298	-564.62	58.721	-175.91	0.814	0.766	3.36
NaN	2017	299	-564.49	56.163	-179.82	0.805	0.765	3.321
NaN	2017	300	-566.99	55.748	-176.62	0.85	0.782	3.474
NaN	2017	301	-566.56	56.427	-178.29	0.815	0.77	3.384
NaN	2017	302	-566.09	55.979	-180.47	0.811	0.771	3.367
NaN	2017	303	-566.51	54.2	-176.78	0.814	0.768	3.377
NaN	2017	304	-563.94	54.67	-187.13	0.809	0.769	3.324
NaN	2017	305	-566.28	55.101	-183.97	0.815	0.77	3.372
NaN	2017	306	-564.64	56.493	-177.04	0.834	0.792	3.409
NaN	2017	307	-565.91	57.766	-172.71	0.846	0.814	3.538
NaN	2017	308	-567.29	56.969	-177.65	0.831	0.793	3.436
NaN	2017	309	-565.82	54.591	-176.45	0.806	0.754	3.302
NaN	2017	310	-565.12	56.002	-176.73	0.804	0.766	3.314
NaN	2017	311	-566.05	57.964	-177.01	0.803	0.761	3.296
NaN	2017	312	-565.57	56.193	-178.08	0.809	0.772	3.354
NaN	2017	313	-563.16	60.733	-173.7	0.815	0.777	3.341
NaN	2017	314	-564.66	59.554	-172.34	0.829	0.767	3.342
NaN	2017	315	-567.94	57.502	-179.71	0.836	0.784	3.524
NaN	2017	316	-565.11	57.017	-174.92	0.813	0.762	3.33
NaN	2017	317	-564.64	57.539	-179.76	0.812	0.769	3.36
NaN	2017	318	-565.47	57.16	-173.7	0.824	0.781	3.405
NaN	2017	319	-565.62	59.036	-176.32	0.812	0.759	3.336
NaN	2017	320	-563.89	58.882	-176.95	0.804	0.759	3.299
NaN	2017	321	-564.65	58.563	-177.96	0.828	0.785	3.426
NaN	2017	322	-564.67	58.576	-174.93	0.837	0.81	3.477
NaN	2017	323	-564.62	58.124	-177.47	0.838	0.805	3.459
NaN	2017	324	-564.16	58.2	-175.25	0.804	0.773	3.346
NaN	2018	171	-556.15	66.675	-169.09	0.74	0.681	2.954
NaN	2018	172	-553.93	66.4	-168.76	0.74	0.68	2.96
NaN	2018	173	-553.99	67.603	-175.44	0.746	0.688	2.975
NaN	2018	174	-555.39	67.094	-170.52	0.74	0.689	2.986
NaN	2018	175	-554.55	67.8	-166.78	0.734	0.68	2.925
NaN	2018	176	-555.93	68.905	-169.45	0.746	0.684	2.982
NaN	2018	177	-556.86	65.827	-173.07	0.746	0.678	2.951
NaN	2018	178	-556.95	67.331	-167.74	0.732	0.678	2.924
NaN	2018	179	-555.6	65.887	-173.58	0.741	0.69	2.976
NaN	2018	180	-553.85	68.048	-170.64	0.744	0.682	2.961
NaN	2018	181	-554.78	66.589	-167.87	0.746	0.682	2.948
NaN	2018	182	-554.73	66.141	-168.75	0.749	0.682	2.944
NaN	2018	183	-554.23	66.501	-169.85	0.738	0.679	2.951
NaN	2018	184	-555.09	69.034	-166.74	0.741	0.68	2.956
NaN	2018	185	-556.07	70.15	-170.16	0.739	0.679	2.958
NaN	2018	186	-554.53	67.907	-169.3	0.734	0.673	2.919
NaN	2018	187	-555.41	67.649	-171.9	0.737	0.674	2.912
NaN	2018	188	-556.17	69.363	-172.2	0.741	0.677	2.948
NaN	2018	189	-556.1	68.655	-172.16	0.739	0.678	2.962
NaN	2018	190	-555.16	66.433	-175.41	0.736	0.682	2.933
NaN	2018	191	-554.65	68.018	-176.76	0.732	0.672	2.914
NaN	2018	192	-556.49	66.719	-171.47	0.745	0.678	2.981
NaN	2018	193	-555.73	65.688	-173.22	0.748	0.688	2.999
NaN	2018	194	-554.19	65.673	-164.11	0.739	0.683	2.961
NaN	2018	195	-555.34	66.956	-168.38	0.736	0.681	2.954
NaN	2018	196	-555.02	67.933	-166.48	0.742	0.684	2.932
NaN	2018	197	-555.15	67.835	-169.52	0.734	0.675	2.915
NaN	2018	198	-555.05	68.861	-169.23	0.741	0.679	2.934
NaN	2018	200	-556.21	67.293	-167.07	0.751	0.68	2.982
NaN	2018	201	-556.08	67.14	-174.28	0.738	0.671	2.925
NaN	2018	202	-554.45	68.421	-173.67	0.748	0.686	2.995
NaN	2018	203	-555.35	68.192	-163.6	0.74	0.682	2.961
NaN	2018	204	-554.51	65.808	-167.12	0.741	0.685	2.952
NaN	2018	205	-554.95	66.121	-168.82	0.75	0.706	3.029
NaN	2018	206	-553.76	67.353	-174.22	0.738	0.677	2.917
NaN	2018	207	-552.17	68.316	-175.74	0.738	0.675	2.935
NaN	2018	208	-554.23	70.051	-169.18	0.737	0.68	2.921
NaN	2018	209	-554.57	68.451	-167.39	0.734	0.676	2.92
NaN	2018	210	-554.93	67.524	-170.45	0.742	0.698	2.956
NaN	2018	211	-554.54	68.327	-167.47	0.771	0.715	3.047
NaN	2018	212	-554.27	68.212	-171.16	0.758	0.7	3.023
NaN	2018	213	-553.01	68.202	-170.22	0.767	0.694	3.014
NaN	2018	214	-553.26	67.282	-170.51	0.765	0.692	3.009
NaN	2018	215	-554.64	66.221	-172.26	0.741	0.681	2.953
NaN	2018	216	-552.89	67.797	-166.08	0.751	0.69	3.03
NaN	2018	217	-554.19	69.531	-174.97	0.737	0.675	2.928
NaN	2018	218	-554	69.647	-174.63	0.732	0.675	2.899
NaN	2018	219	-551.73	64.948	-172.2	0.741	0.685	2.978
NaN	2018	220	-552.9	68.829	-168.29	0.738	0.679	2.941
NaN	2018	221	-553.12	67.579	-173.55	0.736	0.681	2.948
NaN	2018	222	-552.8	68.368	-169.29	0.737	0.682	2.957
NaN	2018	223	-554.15	67.018	-169.32	0.738	0.676	2.933
NaN	2018	224	-552.97	67.435	-172.91	0.735	0.677	2.925
NaN	2018	225	-553.2	66.554	-166.14	0.735	0.68	2.963
NaN	2018	226	-552.76	67.477	-168.41	0.734	0.674	2.912
NaN	2018	227	-551.81	67.671	-167.43	0.735	0.677	2.928
NaN	2018	228	-552.5	69.069	-169.73	0.761	0.691	2.957
NaN	2018	229	-551.58	70.032	-172.62	0.765	0.695	2.975
NaN	2018	230	-551.72	69.188	-169.1	0.741	0.67	2.914
NaN	2018	231	-552.2	68.91	-169.06	0.737	0.678	2.926
NaN	2018	232	-551.03	68.172	-169.87	0.746	0.7	3.027
NaN	2018	233	-551.16	69.036	-169.77	0.734	0.681	2.93
NaN	2018	234	-550.72	68.7	-170.77	0.757	0.708	3.017
NaN	2018	235	-552.9	70.34	-170.71	0.757	0.71	3.02
NaN	2018	236	-554.24	70.084	-166	0.739	0.683	2.97
NaN	2018	237	-553.34	70.312	-170.52	0.734	0.675	2.911
NaN	2018	238	-552.51	70.102	-167.15	0.742	0.684	2.987
NaN	2018	239	-552.62	70.118	-170.03	0.742	0.677	2.941
NaN	2018	240	-552.91	69.713	-171.24	0.734	0.673	2.926
NaN	2018	241	-552.2	70.106	-167.56	0.735	0.679	2.941
NaN	2018	242	-552.25	69.236	-163.91	0.735	0.671	2.904
NaN	2018	243	-551.45	69.105	-168.37	0.739	0.675	2.934
NaN	2018	244	-553.06	68.452	-163.17	0.742	0.68	2.952
NaN	2018	245	-555.16	70.197	-166.02	0.738	0.678	2.935
NaN	2018	246	-552.79	72.505	-170.93	0.73	0.674	2.895
NaN	2018	247	-551.53	70.315	-163.29	0.737	0.681	2.96
NaN	2018	248	-549.05	70.129	-162.79	0.742	0.691	2.981
NaN	2018	249	-552.25	70.329	-164.44	0.765	0.703	3.055
NaN	2018	250	-552.41	72.223	-165.67	0.765	0.689	3.01
NaN	2018	251	-550.31	70.867	-163.04	0.749	0.688	3.029
NaN	2018	252	-550.66	72.762	-166.02	0.736	0.679	2.964
NaN	2018	253	-550	69.911	-166.03	0.734	0.675	2.924
NaN	2018	254	-551.25	71.257	-169.44	0.749	0.706	3.014
NaN	2018	255	-551.04	69.937	-169.56	0.742	0.682	2.97
NaN	2018	256	-554.44	71.501	-167.52	0.743	0.679	2.938
NaN	2018	257	-551.24	72.802	-172.07	0.766	0.693	2.981
NaN	2018	258	-554.02	70.477	-163.82	0.746	0.686	3.004
NaN	2018	259	-553.7	72.398	-167.3	0.745	0.689	2.995
NaN	2018	260	-553.4	72.107	-168.42	0.742	0.685	2.939
NaN	2018	261	-552.91	72.724	-164.5	0.741	0.687	2.944
NaN	2018	262	-554	70.485	-167.85	0.737	0.679	2.934
NaN	2018	263	-553.94	71.517	-170.79	0.731	0.674	2.898
NaN	2018	264	-555.99	70.689	-161.83	0.734	0.682	2.943
NaN	2018	265	-553.37	71.101	-168.39	0.739	0.687	2.948
NaN	2018	266	-553.22	71.281	-163.97	0.751	0.696	3.031
NaN	2018	267	-551.86	68.773	-164.04	0.752	0.681	2.986
NaN	2018	268	-552.77	72.725	-165.32	0.75	0.705	3.031
NaN	2018	269	-553.63	72.606	-164.97	0.731	0.68	2.904
NaN	2018	270	-552.78	72.861	-167.04	0.734	0.685	2.943
NaN	2018	271	-553.19	72.103	-168.84	0.742	0.683	2.95
NaN	2018	272	-551.36	72.889	-170.29	0.729	0.676	2.897
NaN	2018	273	-553.68	70.114	-166.35	0.735	0.678	2.946
NaN	2018	274	-553.99	72.205	-166.16	0.729	0.682	2.944
NaN	2018	275	-553.09	71.829	-163.78	0.739	0.693	2.931
NaN	2018	276	-553.93	72.483	-163.64	0.755	0.685	3.029
NaN	2018	277	-553.19	71.641	-170.84	0.77	0.697	3.044
NaN	2018	278	-553.47	70.866	-167.97	0.745	0.69	2.993
NaN	2018	279	-552.82	72.25	-166.12	0.733	0.687	2.956
NaN	2018	280	-553.15	71.768	-163.31	0.753	0.718	3.151
NaN	2018	281	-553.25	72.682	-170.56	0.734	0.677	2.93
NaN	2018	282	-550.98	74.044	-168.45	0.741	0.704	2.997
NaN	2018	283	-552.06	70.985	-166.96	0.743	0.693	2.99
NaN	2018	284	-554.31	70.113	-168.7	0.733	0.684	2.949
NaN	2018	285	-553.83	69.119	-165	0.729	0.682	2.946
NaN	2018	286	-550.75	74.371	-167.58	0.768	0.699	3.053
NaN	2018	287	-549.82	74.283	-166.05	0.733	0.679	2.944
NaN	2018	288	-550.49	73.559	-165.84	0.758	0.713	3.003
NaN	2018	289	-551.74	72.306	-170.42	0.764	0.703	3.056
NaN	2018	290	-552.48	73.843	-164.95	0.734	0.685	2.942
NaN	2018	291	-552.61	71.636	-166.34	0.738	0.686	2.98
NaN	2018	292	-553.17	73.591	-162.43	0.739	0.684	2.933
NaN	2018	293	-552.69	73.998	-170.8	0.734	0.681	2.925
NaN	2018	294	-553.03	73.951	-170.39	0.746	0.687	2.987
NaN	2018	295	-553.11	74.16	-170.21	0.741	0.705	3.035
NaN	2018	296	-553.72	73.805	-167.46	0.744	0.69	3.017
NaN	2018	297	-552.51	73.561	-168.02	0.748	0.722	3.178
NaN	2018	298	-551.22	75.304	-162.73	0.742	0.686	3.007
NaN	2018	299	-554.13	74.064	-169.03	0.744	0.717	3.008
NaN	2018	300	-552.43	71.779	-172.63	0.725	0.676	2.885
NaN	2018	301	-552.03	71.763	-174.14	0.728	0.676	2.894
NaN	2018	302	-552.43	73.697	-168.62	0.733	0.683	2.949
NaN	2018	303	-552.96	73.672	-168.09	0.741	0.693	2.964
NaN	2018	304	-550.27	73.335	-171.79	0.741	0.692	2.988
NaN	2018	305	-548.78	75.574	-168.11	0.734	0.687	2.929
NaN	2018	306	-549.05	72.39	-165.65	0.736	0.685	2.967
NaN	2018	307	-550.86	73.032	-169.22	0.738	0.691	2.99
NaN	2018	308	-550.02	71.387	-169.54	0.728	0.679	2.909
NaN	2018	309	-549.99	72.292	-171.34	0.734	0.684	2.963
NaN	2018	310	-549.77	72.702	-173.63	0.733	0.693	2.97
NaN	2018	311	-550.18	72.878	-171.73	0.748	0.694	2.989
NaN	2018	312	-548.99	73.711	-170.71	0.723	0.675	2.88
NaN	2018	313	-549.67	74.564	-162.44	0.733	0.698	2.949
NaN	2018	314	-550.73	75.73	-171.8	0.734	0.69	2.946
NaN	2018	315	-551.61	73.073	-170.92	0.737	0.702	2.982
NaN	2018	316	-549.98	72.693	-164.75	0.751	0.708	3.028
NaN	2018	317	-550.23	73.306	-169.89	0.733	0.677	2.946
NaN	2018	318	-549.74	72.216	-172.45	0.742	0.687	2.947
NaN	2018	319	-549.63	74.235	-166.17	0.734	0.697	2.95
NaN	2018	320	-549.38	73.056	-171.54	0.731	0.686	2.927
NaN	2018	321	-551.4	73.885	-171.39	0.746	0.697	3.012
NaN	2018	322	-551.89	73.467	-171.56	0.748	0.693	2.985
NaN	2018	323	-549.84	74.384	-173.88	0.782	0.71	3.078
NaN	2018	324	-549.73	73.596	-168.45	0.748	0.699	2.996
NaN	2018	325	-550.98	73.947	-164.59	0.753	0.693	3.009
NaN	2018	326	-548.49	75.391	-165.03	0.755	0.719	3.072
NaN	2018	327	-548.8	73.333	-172.11	0.764	0.705	3.078
NaN	2018	328	-549.62	76.828	-172.91	0.762	0.73	3.212
NaN	2018	329	-550.14	73.712	-165.96	0.749	0.702	3.016
NaN	2018	330	-549.51	75.607	-164.94	0.757	0.71	3.018
NaN	2018	331	-548.25	73.326	-169.15	0.752	0.693	3.005
NaN	2018	332	-548.42	73.32	-169.48	0.756	0.706	3.055
NaN	2018	333	-548	76.192	-169.39	0.743	0.712	3.032
NaN	2018	334	-549.18	74.965	-168.54	0.746	0.71	3.066
NaN	2018	335	-549.74	75.03	-167.5	0.737	0.688	2.952
NaN	2018	336	-549.94	75.967	-168.71	0.732	0.68	2.938
NaN	2018	337	-548.95	76.639	-175.23	0.767	0.696	3.052
NaN	2018	338	-549.32	77.693	-173.73	0.733	0.692	2.957
NaN	2018	339	-547.48	74.996	-172.55	0.726	0.689	2.945
NaN	2018	340	-548.86	71.961	-174.49	0.733	0.683	2.95
NaN	2018	341	-549.62	75.99	-172.94	0.746	0.696	3.085
NaN	2018	342	-551.44	76.277	-176.88	0.738	0.685	2.967
NaN	2018	343	-550.78	74.194	-172.9	0.734	0.69	2.983
NaN	2018	344	-548.21	74.819	-169.03	0.736	0.682	2.984
NaN	2018	345	-548.5	73.698	-173.51	0.732	0.692	2.985
NaN	2018	346	-548.96	72.537	-175.9	0.729	0.677	2.929
NaN	2018	347	-548.5	73.354	-174.39	0.732	0.679	2.927
NaN	2018	348	-548.08	72.041	-167.06	0.767	0.708	3.071
NaN	2018	349	-547.07	74.932	-167.57	0.748	0.691	3
NaN	2018	350	-547.89	75.464	-164.37	0.728	0.684	2.946
NaN	2018	351	-547.08	74.915	-172.46	0.744	0.692	2.996
NaN	2018	352	-548.42	75.815	-179.09	0.731	0.685	2.941
NaN	2018	353	-547.76	73.397	-169.72	0.735	0.683	2.958
NaN	2018	354	-549.02	76.139	-170.89	0.733	0.686	2.962
NaN	2018	355	-548.15	75.538	-170.71	0.728	0.687	2.949
NaN	2018	356	-549.77	76.306	-171.07	0.729	0.687	2.943
NaN	2018	357	-550.61	75.585	-168.55	0.727	0.678	2.903
NaN	2018	358	-549.37	75.878	-172.98	0.73	0.687	2.933
NaN	2018	359	-549.05	74.913	-169.99	0.733	0.687	2.988
NaN	2018	360	-550.47	74.039	-170.83	0.754	0.696	3.017
NaN	2018	361	-552.26	76.347	-169.3	0.752	0.705	3.075
NaN	2018	362	-549.34	75.615	-173.57	0.749	0.697	2.995
NaN	2018	363	-552.5	75.084	-165.35	0.751	0.705	3.033
NaN	2018	364	-550.26	76.362	-170.77	0.749	0.695	2.993
NaN	2018	365	-548.88	75.526	-167.42	0.753	0.701	3.038
NaN	2019	1	-551.06	74.158	-162.8	0.751	0.696	3
NaN	2019	2	-547.2	74.953	-168.97	0.768	0.708	3.089
NaN	2019	3	-547.68	77.323	-171.61	0.75	0.699	3.073
NaN	2019	4	-547.55	75.718	-165.2	0.743	0.691	2.985
NaN	2019	5	-548.67	76.041	-170.46	0.75	0.69	3.024
NaN	2019	6	-548.16	77.372	-168.61	0.746	0.698	3.005
NaN	2019	7	-549.4	74.31	-168.46	0.738	0.686	2.931
NaN	2019	8	-547.37	76.428	-169.95	0.736	0.687	2.95
NaN	2019	9	-546.72	76.16	-166.37	0.737	0.688	2.979
NaN	2019	10	-547.35	76.455	-166.99	0.738	0.702	3.043
NaN	2019	11	-548.01	77.571	-177.86	0.777	0.706	3.104
NaN	2019	12	-545.4	76.294	-169	0.764	0.689	3.01
NaN	2019	13	-547.1	77.203	-174.33	0.737	0.69	2.962
NaN	2019	14	-549.09	76.145	-180.92	0.74	0.696	2.999
NaN	2019	15	-548.25	74.241	-160.92	0.755	0.698	3.088
NaN	2019	16	-547.25	76.76	-164.43	0.736	0.69	2.961
NaN	2019	17	-547.46	76.014	-163.56	0.745	0.69	2.988
NaN	2019	18	-548.16	77.077	-167.87	0.744	0.715	3.032
NaN	2019	19	-549.66	77.961	-170.95	0.755	0.723	3.1
NaN	2019	20	-545	80.561	-170.13	0.766	0.724	3.059
NaN	2019	21	-549.15	77.43	-159.3	0.759	0.705	3.047
NaN	2019	22	-547.74	77.033	-168.74	0.77	0.707	3.01
NaN	2019	23	-545.51	77.552	-175.66	0.748	0.7	3.01
NaN	2019	24	-546.16	77.366	-168.69	0.755	0.707	3.042
NaN	2019	25	-547.97	81.61	-174.96	0.752	0.689	2.965
NaN	2019	26	-549.7	76.897	-170.35	0.75	0.71	3.076
NaN	2019	27	-548.8	75.892	-174.28	0.753	0.715	3.085
NaN	2019	28	-548.1	79.088	-174.16	0.737	0.691	2.975
NaN	2019	29	-547	78.4	-176.03	0.745	0.691	3.003
NaN	2019	30	-548.22	77.507	-173.36	0.732	0.678	2.922
NaN	2019	31	-547.39	80.362	-181.24	0.755	0.71	3.085
NaN	2019	32	-546.66	80.103	-169.03	0.747	0.688	2.97
NaN	2019	33	-547.81	80.975	-178.25	0.751	0.69	3.025
NaN	2019	34	-547.39	81.603	-173.08	0.739	0.687	2.982
NaN	2019	35	-546.18	79.705	-170.48	0.736	0.685	2.947
NaN	2019	36	-544.22	82.787	-175.38	0.735	0.688	2.981
NaN	2019	37	-547.01	80.106	-172.1	0.751	0.699	3.052
NaN	2019	38	-547.62	79.863	-167.4	0.747	0.688	3.03
NaN	2019	39	-547.72	77.335	-171.24	0.75	0.707	3.078
NaN	2019	40	-549.25	81.268	-169.15	0.731	0.686	2.906
NaN	2019	41	-547.46	82.252	-167.85	0.733	0.692	2.934
NaN	2019	42	-545.84	81.203	-172.9	0.748	0.702	2.974
NaN	2019	43	-546.23	81.159	-168.38	0.761	0.725	3.047
NaN	2019	44	-547.51	81.678	-175.62	0.737	0.686	2.982
NaN	2019	45	-546.84	81.337	-179.73	0.744	0.707	3.018
NaN	2019	46	-546.33	84.387	-175.97	0.802	0.768	3.407
NaN	2019	47	-546.96	81.171	-165.72	0.751	0.693	3.035
NaN	2019	48	-546.35	82.466	-174.13	0.738	0.687	2.985
NaN	2019	49	-547.48	79.892	-171.24	0.768	0.696	3.111
NaN	2019	50	-546.34	83.64	-178.76	0.746	0.692	3.006
NaN	2019	51	-545.54	81.524	-174.42	0.731	0.685	2.903
NaN	2019	52	-545.17	80.941	-172.59	0.746	0.687	2.954
NaN	2019	53	-546.06	83.706	-166.85	0.739	0.691	2.969
NaN	2019	54	-545.69	84.552	-166.81	0.751	0.688	2.962
NaN	2019	55	-546.64	82.225	-168.47	0.738	0.682	2.906
NaN	2019	56	-546.96	84.136	-170.44	0.749	0.691	2.985
NaN	2019	57	-546.53	78.749	-168.71	0.742	0.694	2.968
NaN	2019	58	-548.1	80.307	-176.61	0.736	0.682	2.916
NaN	2019	59	-544.03	81.402	-168.82	0.737	0.687	2.939
NaN	2019	60	-545.14	81.852	-165.91	0.766	0.692	2.977
NaN	2019	61	-545.44	82.308	-164.96	0.746	0.692	2.989
NaN	2019	62	-547.32	82.416	-175.81	0.751	0.694	2.988
NaN	2019	63	-548.61	81.152	-164.2	0.748	0.691	2.976
NaN	2019	64	-544.74	80.987	-169.19	0.743	0.689	2.949
NaN	2019	65	-545.75	83.297	-169	0.732	0.678	2.908
NaN	2019	66	-543.89	84.617	-167.53	0.733	0.679	2.892
NaN	2019	67	-546.16	81.805	-170.59	0.733	0.682	2.903
NaN	2019	68	-546.18	82.385	-165.08	0.742	0.68	2.952
NaN	2019	69	-543.19	80.552	-174.1	0.747	0.69	2.994
NaN	2019	70	-546.16	81.852	-176.83	0.742	0.689	2.957
NaN	2019	71	-545.09	82.893	-165.48	0.738	0.685	2.912
NaN	2019	72	-546.05	83.986	-164.77	0.738	0.681	2.92
NaN	2019	73	-544.05	82.037	-169.39	0.759	0.695	3.021
NaN	2019	74	-546.71	80.971	-181.8	0.751	0.701	2.995
NaN	2019	75	-547.4	80.453	-172.43	0.76	0.686	3.006
NaN	2019	76	-544.36	80.815	-168.65	0.751	0.686	2.983
NaN	2019	77	-546	78.112	-173.7	0.743	0.68	2.926
NaN	2019	78	-545.43	80.745	-176.49	0.74	0.684	2.954
NaN	2019	79	-546.26	79.754	-178.14	0.737	0.674	2.913
NaN	2019	80	-546.75	82.348	-173.08	0.747	0.695	2.955
NaN	2019	81	-546.65	82.637	-169.38	0.775	0.719	2.998
NaN	2019	82	-544.79	81.985	-172.06	0.751	0.687	2.983
NaN	2019	83	-543.54	80.868	-172.44	0.742	0.696	2.991
NaN	2019	84	-544.9	80.704	-183.29	0.739	0.686	2.953
NaN	2019	85	-544.51	81.602	-176.43	0.74	0.685	2.976
NaN	2019	86	-544.85	83.955	-173.67	0.746	0.685	2.985
NaN	2019	87	-544.87	83.779	-175.16	0.741	0.679	2.942
NaN	2019	88	-542.74	83.345	-176.52	0.743	0.681	2.975
NaN	2019	89	-543.88	80.836	-177.22	0.748	0.699	3.037
NaN	2019	90	-544.69	83.346	-177.28	0.773	0.696	3.004
NaN	2019	91	-543.96	83.009	-171.95	0.761	0.684	2.972
NaN	2019	92	-544.26	84.842	-177.62	0.742	0.683	2.943
NaN	2019	93	-544.46	82.056	-179.25	0.773	0.72	3.141
NaN	2019	94	-543.3	83.839	-172.47	0.753	0.691	3.018
NaN	2019	95	-544.66	84.542	-178.82	0.752	0.683	3.001
NaN	2019	96	-542	84.053	-170.8	0.742	0.677	2.904
NaN	2019	97	-544.22	81.25	-174.93	0.751	0.686	2.937
NaN	2019	98	-543.64	82.374	-175.76	0.739	0.674	2.895
NaN	2019	99	-544.57	83.137	-180.13	0.768	0.688	3.002
NaN	2019	100	-543.24	83.16	-173.31	0.751	0.733	3.169
NaN	2019	101	-544.22	82.697	-171.47	0.738	0.686	2.943
NaN	2019	102	-542.67	83.66	-167.68	0.762	0.688	2.947
NaN	2019	103	-542.34	84.326	-171.77	0.739	0.683	2.953
NaN	2019	104	-542.02	84.834	-171.02	0.737	0.688	2.931
NaN	2019	105	-544.46	85.054	-175.13	0.751	0.694	3.01
NaN	2019	106	-541.79	84.85	-170.09	0.744	0.684	2.979
NaN	2019	107	-541.1	84.512	-160.08	0.741	0.683	2.957
NaN	2019	108	-543.87	82.67	-174.2	0.74	0.678	2.917
NaN	2019	109	-542.05	83.654	-168.35	0.76	0.698	2.993
NaN	2019	110	-541.95	83.121	-168.56	0.739	0.681	2.956
NaN	2019	111	-542.48	82.476	-170.63	0.736	0.678	2.898
NaN	2019	112	-542.56	83.215	-166.76	0.739	0.68	2.94
NaN	2019	113	-541.37	83.119	-169.35	0.742	0.69	2.932
NaN	2019	114	-540.44	82.744	-174.42	0.755	0.69	3.015
NaN	2019	115	-541.34	84.267	-173.72	0.751	0.704	3.025
NaN	2019	116	-542.42	83.617	-168.67	0.746	0.681	2.93
NaN	2019	117	-540.85	85.562	-176.26	0.742	0.689	2.958
NaN	2019	118	-541.76	83.759	-170.88	0.729	0.673	2.872
NaN	2019	119	-540.28	84.55	-166.62	0.737	0.674	2.903
NaN	2019	120	-541.29	83.724	-171.69	0.74	0.673	2.889
NaN	2019	121	-540.72	84.652	-174.01	0.736	0.683	2.933
NaN	2019	122	-542.81	86.242	-169.71	0.745	0.696	3.028
NaN	2019	123	-541.15	85.48	-168.57	0.737	0.691	3.023
NaN	2019	124	-541.33	83.18	-167.9	0.731	0.681	2.915
NaN	2019	125	-541.15	83.195	-175.01	0.739	0.682	2.939
NaN	2019	126	-540.23	80.949	-182.38	0.745	0.684	2.944
NaN	2019	127	-542.41	80.745	-172.98	0.755	0.691	2.979
NaN	2019	128	-542.99	84.931	-176.15	0.751	0.688	2.967
NaN	2019	129	-542.13	82.813	-177.25	0.734	0.678	2.925
NaN	2019	130	-541.3	83.051	-174.06	0.733	0.676	2.907
NaN	2019	131	-543.22	84.64	-170.14	0.739	0.676	2.921
NaN	2019	132	-541.79	82.988	-170.91	0.741	0.673	2.912
NaN	2019	133	-541.77	84.916	-169.62	0.737	0.676	2.915
NaN	2019	134	-541.11	83.12	-172.13	0.732	0.673	2.888
NaN	2019	135	-541.59	85.929	-176.76	0.732	0.684	2.943
NaN	2019	136	-541.07	84.716	-170.57	0.737	0.678	2.923
NaN	2019	137	-542.02	81.815	-174.06	0.742	0.679	2.932
NaN	2019	138	-543.04	83.674	-167.99	0.74	0.693	3
NaN	2019	139	-542.05	81.548	-171.16	0.735	0.674	2.919
NaN	2019	140	-542.21	82.207	-169.59	0.736	0.686	2.978
NaN	2019	141	-540.32	84.436	-164.96	0.737	0.68	2.939
NaN	2019	142	-540.83	86.217	-170.24	0.738	0.676	2.903
NaN	2019	143	-541.7	85.563	-177.47	0.73	0.667	2.866
NaN	2019	144	-540.03	83.947	-174.99	0.74	0.676	2.921
NaN	2019	145	-541.95	83.822	-171.95	0.732	0.672	2.908
NaN	2019	146	-542.05	84.296	-170.16	0.734	0.678	2.899
NaN	2019	147	-541.49	84.61	-169.36	0.738	0.682	2.938
NaN	2019	148	-541.45	83.736	-172.21	0.736	0.68	2.926
NaN	2019	149	-538.26	83.113	-166.53	0.733	0.672	2.893
NaN	2019	150	-539.83	84.839	-167.06	0.735	0.68	2.932
NaN	2019	151	-538.87	85.6	-167.4	0.737	0.678	2.93
NaN	2019	152	-539.78	82.994	-168.59	0.736	0.675	2.907
NaN	2019	153	-539.65	82.14	-174.5	0.733	0.674	2.894
NaN	2019	154	-539.66	82.422	-174.85	0.738	0.678	2.919
NaN	2019	155	-540.46	85.232	-175.94	0.736	0.676	2.924
NaN	2019	156	-540.75	84.946	-171.95	0.732	0.681	2.908
NaN	2019	157	-541.29	83.156	-176.3	0.747	0.696	3.011
NaN	2019	158	-542.61	84.83	-168.13	0.748	0.69	2.932
NaN	2019	159	-541.45	85.727	-171.03	0.739	0.673	2.904
NaN	2019	160	-540.67	84.932	-169.28	0.757	0.685	2.949
NaN	2019	161	-541.83	83.961	-171.9	0.765	0.692	3.001
NaN	2019	162	-542.14	80.654	-174.27	0.749	0.683	2.93
NaN	2019	163	-540.42	83.914	-169.41	0.75	0.693	2.952
NaN	2019	164	-541.73	84.103	-172.32	0.756	0.687	2.972
NaN	2019	165	-538.8	83.007	-170.18	0.758	0.686	2.999
NaN	2019	166	-539.4	83.914	-178.53	0.76	0.694	3.028
NaN	2019	167	-539.45	81.773	-172.53	0.757	0.687	2.978
NaN	2019	168	-542.12	83.495	-170.59	0.751	0.689	2.965
NaN	2019	169	-540.97	82.357	-171.52	0.755	0.685	2.957
NaN	2019	170	-539.26	83.278	-173.98	0.779	0.705	3.03
NaN	2019	171	-541.35	82.924	-172.43	0.801	0.717	3.15
NaN	2019	172	-538.72	83.831	-174.19	0.748	0.691	2.945
NaN	2019	173	-538.87	84.354	-177.14	0.75	0.686	2.942
NaN	2019	174	-540.47	83.694	-174.38	0.749	0.685	2.94
NaN	2019	175	-540.18	83.979	-171.48	0.749	0.684	2.947
NaN	2019	176	-541.02	84.537	-171.28	0.754	0.687	2.98
NaN	2019	177	-540.86	84.403	-172.34	0.759	0.7	3.019
NaN	2019	178	-539.91	83.658	-168.59	0.751	0.685	2.961
NaN	2019	179	-539.07	82.236	-167.93	0.761	0.694	3.016
NaN	2019	180	-537.61	83.942	-169.47	0.736	0.672	2.897
NaN	2019	181	-538.46	82.692	-173.86	0.742	0.676	2.937
NaN	2019	182	-539.04	84.034	-175.6	0.745	0.683	2.987
NaN	2019	183	-540.99	83.118	-178.66	0.738	0.681	2.951
NaN	2019	184	-537.55	84.071	-169.69	0.743	0.68	2.938
NaN	2019	185	-538.41	84.989	-170.44	0.736	0.677	2.91
NaN	2019	186	-539.15	85.538	-177.29	0.736	0.68	2.932
NaN	2019	187	-538.92	83.856	-174.06	0.733	0.674	2.897
NaN	2019	188	-537.59	84.375	-169.58	0.743	0.677	2.937
NaN	2019	189	-538.83	85.051	-170.99	0.745	0.684	2.989
NaN	2019	190	-538.89	85.227	-168.56	0.738	0.677	2.938
NaN	2019	191	-538.28	84.642	-170.55	0.736	0.675	2.909
NaN	2019	192	-540.12	84.539	-176.21	0.734	0.663	2.874
NaN	2019	193	-538.53	85.781	-169.99	0.739	0.674	2.931
NaN	2019	194	-538.78	84.984	-171.89	0.765	0.708	3.015
NaN	2019	195	-537.5	83.775	-169.11	0.766	0.693	3.007
NaN	2019	196	-538.06	84.411	-168.81	0.767	0.692	3.013
NaN	2019	197	-539.58	85.629	-169.16	0.765	0.696	3.039
NaN	2019	198	-539.91	85.907	-169.05	0.746	0.692	3.044
NaN	2019	199	-540.51	83.908	-170.16	0.751	0.699	3.054
NaN	2019	200	-538.4	83.385	-170.41	0.777	0.715	3.093
NaN	2019	201	-537.3	84.775	-168.78	0.748	0.683	2.964
NaN	2019	202	-539.05	85.413	-165.08	0.739	0.679	2.932
NaN	2019	203	-537.63	83.074	-169.12	0.736	0.691	3.029
NaN	2019	204	-537.41	82.854	-166.84	0.752	0.7	3.021
NaN	2019	205	-537.87	84.207	-165.68	0.778	0.734	3.217
NaN	2019	206	-538.35	83.363	-177.5	0.738	0.68	2.94
NaN	2019	207	-538.27	83.457	-173.05	0.746	0.698	2.962
NaN	2019	208	-537.91	81.739	-175.54	0.742	0.684	2.953
NaN	2019	209	-540.14	84.091	-167.62	0.74	0.681	2.96
NaN	2019	210	-540.27	83.516	-169.88	0.762	0.685	2.989
NaN	2019	211	-539.57	83.892	-172.83	0.733	0.679	2.924
NaN	2019	212	-539.66	82.418	-169.8	0.756	0.704	3.156
NaN	2019	213	-539.92	82.702	-170.49	0.739	0.683	2.948
NaN	2019	214	-539.66	84.36	-169.12	0.743	0.7	3.017
NaN	2019	215	-540.36	81.917	-168.84	0.732	0.68	2.903
NaN	2019	216	-539.69	81.66	-171.31	0.738	0.673	2.932
NaN	2019	217	-537.91	83.621	-173.16	0.754	0.694	2.963
NaN	2019	218	-540.31	82.233	-174.54	0.738	0.675	2.931
NaN	2019	219	-539.08	82.586	-173.57	0.78	0.706	3.028
NaN	2019	220	-539.43	83.776	-172.22	0.771	0.7	3.039
NaN	2019	221	-539.75	85.583	-170.92	0.734	0.675	2.926
NaN	2019	222	-540.41	85.78	-173.63	0.759	0.708	3.015
NaN	2019	223	-537.27	83.416	-176.99	0.765	0.716	3.034
NaN	2019	224	-540.69	87.979	-171.77	0.745	0.683	2.971
NaN	2019	225	-540.51	85.733	-170.16	0.758	0.698	3.017
NaN	2019	226	-541.15	84.166	-165.92	0.741	0.678	2.946
NaN	2019	227	-543.25	85.676	-166.97	0.739	0.686	2.978
NaN	2019	228	-540.16	85.966	-171.37	0.749	0.699	3.038
NaN	2019	229	-540.38	84.658	-174.32	0.738	0.677	2.92
NaN	2019	230	-540.59	84.668	-174.54	0.739	0.68	2.94
NaN	2019	231	-540.66	82.211	-173.79	0.741	0.681	2.958
NaN	2019	232	-540.66	85.804	-172.49	0.741	0.678	2.951
NaN	2019	233	-541.4	86.486	-173.6	0.736	0.683	2.957
NaN	2019	234	-538.04	87.079	-171.3	0.739	0.682	2.938
NaN	2019	235	-540.53	88.206	-172.01	0.752	0.692	2.953
NaN	2019	236	-539.97	85.636	-172.3	0.738	0.684	2.952
NaN	2019	237	-540.86	86.263	-174.25	0.737	0.677	2.929
NaN	2019	238	-540.19	85.869	-169.54	0.743	0.683	2.973
NaN	2019	239	-540.07	85.012	-171.53	0.737	0.687	2.976
NaN	2019	240	-542.81	84.28	-171.42	0.758	0.697	3.002
NaN	2019	241	-541.27	84.501	-169.24	0.762	0.686	2.979
NaN	2019	242	-539.78	83.798	-169.73	0.756	0.684	2.972
NaN	2019	243	-540.17	83.778	-170.71	0.744	0.684	2.985
NaN	2019	244	-537.27	84.231	-161.98	0.739	0.684	2.964
NaN	2019	245	-537.04	84.697	-163.6	0.743	0.681	2.957
NaN	2019	246	-541.11	82.139	-173.74	0.745	0.691	3.001
NaN	2019	247	-538.42	84.589	-172.33	0.739	0.686	2.969
NaN	2019	248	-538.61	85.401	-168.29	0.756	0.704	3.035
NaN	2019	249	-542.44	85.19	-168.01	0.751	0.7	3.029
NaN	2019	250	-539.43	82.821	-166.12	0.735	0.68	2.934
NaN	2019	251	-538.49	85.186	-170.6	0.767	0.694	3.075
NaN	2019	252	-538.7	84.201	-174.56	0.741	0.689	2.957
NaN	2019	253	-539.33	84.091	-173.74	0.738	0.689	2.975
NaN	2019	254	-540.38	85.77	-174.05	0.742	0.678	2.965
NaN	2019	255	-539.88	86.283	-168.51	0.74	0.682	2.951
NaN	2019	256	-539.57	84.271	-166.26	0.739	0.682	2.961
NaN	2019	257	-540.52	84.727	-166.91	0.74	0.688	2.955
NaN	2019	258	-539.59	87.804	-166.35	0.734	0.682	2.926
NaN	2019	259	-539.4	85.715	-164.86	0.735	0.681	2.954
NaN	2019	260	-539.82	85.625	-168.3	0.734	0.685	2.943
NaN	2019	261	-540.91	86.892	-170.37	0.732	0.673	2.895
NaN	2019	262	-540.26	83.487	-162.15	0.735	0.674	2.906
NaN	2019	263	-539.73	83.737	-170.81	0.794	0.712	3.073
NaN	2019	264	-537.79	84.328	-165.43	0.793	0.702	3.061
NaN	2019	265	-540.16	84.771	-169.28	0.737	0.687	2.948
NaN	2019	266	-537.47	87.454	-170.73	0.74	0.691	2.974
NaN	2019	267	-539.04	87.354	-168.39	0.733	0.679	2.939
NaN	2019	268	-538.13	87.675	-168.42	0.738	0.684	2.965
NaN	2019	269	-540.03	88.721	-169.59	0.739	0.687	2.979
NaN	2019	270	-541.4	87.417	-169.34	0.738	0.684	2.945
NaN	2019	271	-540.5	88.667	-168.28	0.797	0.712	3.128
NaN	2019	272	-541.24	86.056	-159.71	0.759	0.685	2.991
NaN	2019	273	-540.75	88.652	-166.41	0.749	0.693	3.02
NaN	2019	274	-538.23	88.683	-165.46	0.75	0.715	3.085
NaN	2019	275	-538.09	86.824	-162.04	0.742	0.713	3.046
NaN	2019	276	-538.17	85.777	-166.26	0.775	0.738	3.207
NaN	2019	277	-538.48	87.278	-166	0.748	0.703	3.09
NaN	2019	278	-540.08	88.342	-171.71	0.742	0.687	2.964
NaN	2019	279	-538.19	89.083	-167.64	0.738	0.682	2.946
NaN	2019	280	-540.26	88.673	-167.01	0.743	0.688	2.97
NaN	2019	281	-538.84	90.736	-165.64	0.743	0.681	2.959
NaN	2019	282	-539.27	89.354	-165.35	0.739	0.682	2.955
NaN	2019	283	-540.68	89.291	-160.6	0.758	0.712	3.11
NaN	2019	284	-539.76	87.032	-162.92	0.757	0.69	2.994
NaN	2019	285	-538.14	90.061	-166.63	0.736	0.678	2.945
NaN	2019	286	-540.88	89.582	-167.76	0.74	0.695	2.997
NaN	2019	287	-539.48	86.366	-162.59	0.753	0.696	3.025
NaN	2019	288	-538.49	88.634	-163.29	0.737	0.678	2.938
NaN	2019	289	-537.55	88.852	-168.1	0.733	0.679	2.938
NaN	2019	290	-537.11	89.941	-169.07	0.733	0.675	2.88
NaN	2019	291	-538.17	86.309	-170.75	0.74	0.682	2.94
NaN	2019	292	-538.73	88.367	-175.51	0.739	0.683	2.948
NaN	2019	293	-538.09	87.619	-170.75	0.736	0.677	2.937
NaN	2019	294	-535.36	87.721	-164.45	0.731	0.677	2.912
NaN	2019	295	-536.41	87.803	-165.77	0.733	0.677	2.902
NaN	2019	297	-535.38	87.56	-169.39	0.732	0.68	2.931
NaN	2019	298	-535.67	88.619	-172.18	0.735	0.675	2.926
NaN	2019	299	-536.16	89.716	-163.16	0.726	0.675	2.856
NaN	2019	300	-533.87	89.945	-163.24	0.729	0.683	2.901
NaN	2019	301	-536.79	89.134	-157.01	0.728	0.671	2.863
NaN	2019	302	-536.39	88.494	-161.97	0.739	0.687	2.974
NaN	2019	303	-534.42	90.436	-162.12	0.74	0.683	2.95
NaN	2019	304	-535.13	90.591	-161.43	0.757	0.688	2.995
NaN	2019	305	-535.62	91.215	-161.92	0.756	0.69	2.961
NaN	2019	306	-535.96	90.285	-159.14	0.742	0.675	2.922
NaN	2019	307	-536.22	88.728	-168.08	0.73	0.682	2.933
NaN	2019	308	-534.4	89.635	-166.32	0.738	0.68	2.935
NaN	2019	309	-534.49	90.252	-164.77	0.758	0.698	2.997
NaN	2019	310	-537.64	89.229	-166.17	0.741	0.685	2.946
NaN	2019	311	-537.51	88.202	-164.08	0.727	0.683	2.881
NaN	2019	312	-537.27	89.147	-165.27	0.737	0.683	2.912
NaN	2019	313	-536.66	91.725	-164.73	0.734	0.686	2.927
NaN	2019	314	-536.64	90.112	-164.78	0.736	0.681	2.937
NaN	2019	315	-535.68	88.58	-164.69	0.74	0.681	2.935
NaN	2019	316	-533.92	89.001	-163.74	0.735	0.681	2.886
NaN	2019	317	-536.5	90.09	-169.42	0.744	0.709	3.054
NaN	2019	318	-534.59	90.758	-167.44	0.734	0.678	2.89
NaN	2019	319	-535.14	91.575	-168.67	0.769	0.695	2.983
NaN	2019	320	-535.29	89.626	-165.6	0.74	0.684	2.949
NaN	2019	321	-535.12	92.039	-163.74	0.747	0.695	3.008
NaN	2019	322	-534.78	91.084	-164.57	0.739	0.675	2.939
NaN	2019	323	-534.04	88.994	-163.65	0.74	0.687	2.948
NaN	2019	324	-534.82	89.621	-168.07	0.761	0.7	3.037
NaN	2019	325	-536.27	89.497	-167.16	0.776	0.704	3.032
NaN	2019	326	-534.31	89.427	-168	0.746	0.688	2.991
NaN	2019	327	-535.49	87.797	-164.67	0.737	0.693	2.989
NaN	2019	328	-535.57	87.602	-169.5	0.746	0.686	2.993
NaN	2019	329	-536.19	88.385	-168.35	0.744	0.687	2.943
NaN	2019	330	-536.04	87.485	-166.66	0.748	0.696	3.025
NaN	2019	331	-536.34	90.017	-161.05	0.754	0.693	2.976
NaN	2019	332	-536.9	89.861	-165.94	0.745	0.689	2.925
NaN	2019	333	-535.91	90.694	-172.82	0.729	0.679	2.873
NaN	2019	334	-537	90.665	-173.46	0.735	0.681	2.934
NaN	2019	335	-537.43	89.276	-167.11	0.739	0.688	2.962
NaN	2019	336	-532.78	87.5	-171.12	0.754	0.706	3.018
NaN	2019	337	-534.92	89.357	-170.58	0.755	0.697	2.988
NaN	2019	338	-533.82	87.764	-174.43	0.752	0.691	2.955
NaN	2019	339	-535.86	88.301	-170.23	0.753	0.698	3.004
NaN	2019	340	-535.43	91.141	-166.15	0.753	0.691	3.001
NaN	2019	341	-534.25	86.965	-170.67	0.762	0.715	3.074
NaN	2019	342	-533.74	91.188	-171.31	0.753	0.697	3.006
NaN	2019	343	-536.11	89.827	-169.43	0.753	0.696	2.978
NaN	2019	344	-536.11	87.737	-166.54	0.753	0.692	2.978
NaN	2019	345	-535.88	89.051	-167.02	0.752	0.709	2.997
NaN	2019	346	-535.29	88.803	-173.1	0.764	0.696	3.034
NaN	2019	347	-534.76	92.523	-177.96	0.758	0.697	3.043
NaN	2019	348	-534.4	90.281	-176.98	0.775	0.72	3.08
NaN	2019	349	-534.82	90.217	-170.71	0.731	0.683	2.899
NaN	2019	350	-533.96	90.527	-166.91	0.738	0.689	2.947
NaN	2019	351	-535.93	92.96	-172.32	0.744	0.691	2.981
NaN	2019	352	-535.28	93.02	-171.6	0.745	0.686	2.976
NaN	2019	353	-533.99	91.303	-166.77	0.751	0.702	3.045
NaN	2019	354	-534.83	91.629	-165.14	0.737	0.692	2.972
NaN	2019	355	-535.39	89.568	-169.95	0.742	0.685	2.953
NaN	2019	356	-535.43	90.388	-169.64	0.739	0.682	2.913
NaN	2019	357	-534.36	92.378	-168.94	0.735	0.685	2.928
NaN	2019	358	-534.15	93.636	-162.97	0.759	0.705	3.021
NaN	2019	359	-534.18	91.938	-170.74	0.755	0.69	2.967
NaN	2019	360	-534	93.943	-172.27	0.744	0.684	2.982
NaN	2019	361	-535.3	93.317	-162.71	0.749	0.701	3.042
NaN	2019	362	-536.04	90.716	-158.94	0.745	0.691	3.008
NaN	2019	363	-532.12	95.085	-170.16	0.745	0.689	2.971
NaN	2019	364	-531.32	92.557	-166.16	0.742	0.687	2.949
NaN	2019	365	-532.77	91.417	-167.08	0.755	0.695	3.02
NaN	2020	1	-531.95	90.886	-172.8	0.741	0.685	2.941
NaN	2020	2	-533.4	92.166	-169.48	0.75	0.692	2.994
NaN	2020	3	-534.74	91.07	-163.55	0.765	0.711	3.025
NaN	2020	4	-534.81	92.678	-176.31	0.768	0.709	3.016
NaN	2020	5	-534.61	92.243	-163.15	0.8	0.719	3.151
NaN	2020	6	-536.01	93.511	-158.44	0.79	0.711	3.067
NaN	2020	7	-534.57	93.312	-169	0.778	0.707	3.047
NaN	2020	8	-534.44	93.746	-161.49	0.755	0.702	2.992
NaN	2020	9	-534.63	94.303	-167.9	0.773	0.704	2.979
NaN	2020	10	-532.48	96.513	-166.21	0.794	0.718	3.112
NaN	2020	11	-532.9	92.591	-168.89	0.757	0.702	2.989
NaN	2020	12	-532.51	94.318	-165.35	0.767	0.696	3.06
NaN	2020	13	-535.45	97.288	-171.76	0.752	0.691	2.979
NaN	2020	14	-534.87	90.945	-164.81	0.784	0.71	3.158
NaN	2020	15	-534.16	94.419	-165.69	0.767	0.699	3.059
NaN	2020	16	-532.29	93.446	-156.57	0.775	0.724	3.092
NaN	2020	18	-533.23	93.67	-162.93	0.752	0.69	2.975
NaN	2020	19	-531.54	94.924	-165.66	0.755	0.691	2.981
NaN	2020	20	-531.5	92.005	-166.84	0.751	0.685	2.968
NaN	2020	21	-533.92	92.797	-166.8	0.748	0.681	2.913
NaN	2020	22	-531.89	93.173	-161.53	0.767	0.689	3.035
NaN	2020	23	-533.78	93.575	-158.63	0.754	0.686	2.952
NaN	2020	24	-532.42	92.447	-164.25	0.751	0.688	2.923
NaN	2020	25	-530.67	92.943	-166.04	0.747	0.678	2.896
NaN	2020	26	-532.27	91.182	-171.54	0.743	0.685	2.95
NaN	2020	27	-532.9	90.623	-172.44	0.747	0.688	2.956
NaN	2020	28	-531.18	91.359	-170.17	0.744	0.682	2.921
NaN	2020	29	-532.47	91.994	-168.74	0.747	0.68	2.929
NaN	2020	30	-532.72	93.79	-170.85	0.755	0.7	3.005
NaN	2020	31	-533.27	94.203	-165.79	0.759	0.686	3.014
NaN	2020	32	-532.11	94.078	-170.71	0.745	0.681	2.911
NaN	2020	33	-530.73	95.346	-165.29	0.753	0.692	2.963
NaN	2020	34	-531.83	93.963	-165.71	0.746	0.699	2.966
NaN	2020	35	-529.73	92.631	-165.75	0.742	0.681	2.93
NaN	2020	36	-531.25	92.275	-157.68	0.744	0.686	2.902
NaN	2020	37	-531.29	94.631	-170.22	0.747	0.675	2.922
NaN	2020	38	-531.78	93.567	-170.33	0.752	0.682	2.942
NaN	2020	39	-530.21	92.078	-167.81	0.746	0.684	2.929
NaN	2020	40	-534.55	94.969	-161.43	0.767	0.696	3.068
NaN	2020	41	-530.06	95.056	-164.62	0.745	0.682	2.942
NaN	2020	42	-529.85	93.328	-167.4	0.739	0.677	2.878
NaN	2020	43	-528.27	91.351	-165.46	0.75	0.685	2.927
NaN	2020	44	-528.03	95.44	-165.18	0.761	0.699	2.947
NaN	2020	45	-529.44	93.849	-168.34	0.758	0.698	2.957
NaN	2020	46	-531.85	93.669	-165.77	0.742	0.68	2.88
NaN	2020	47	-529.99	91.67	-171.75	0.734	0.682	2.857
NaN	2020	48	-530.44	92.932	-171.2	0.732	0.675	2.853
NaN	2020	49	-529.76	93.598	-164.03	0.743	0.682	2.92
NaN	2020	50	-529.42	95.175	-170.1	0.746	0.688	2.948
NaN	2020	51	-530.29	93.5	-168.05	0.747	0.701	3.017
NaN	2020	52	-529.43	95.423	-173.91	0.759	0.706	3.059
NaN	2020	53	-529.63	94.057	-168.78	0.741	0.688	2.886
NaN	2020	54	-528.12	96.504	-169.61	0.737	0.678	2.903
NaN	2020	55	-528.62	94.714	-174.91	0.739	0.684	2.902
NaN	2020	56	-532.74	94.585	-166.92	0.742	0.683	2.914
NaN	2020	57	-530.89	95.819	-167.81	0.742	0.682	2.91
NaN	2020	58	-530.31	94.535	-167.16	0.743	0.689	2.93
NaN	2020	59	-529.29	93.661	-172.14	0.736	0.678	2.868
NaN	2020	60	-529.81	95.859	-164.82	0.747	0.682	2.97
NaN	2020	61	-530.24	94.969	-174.51	0.74	0.68	2.904
NaN	2020	62	-530.61	95.757	-170.28	0.734	0.683	2.914
NaN	2020	63	-530.21	95.308	-168.91	0.738	0.68	2.896
NaN	2020	64	-530.59	94.218	-173.35	0.736	0.677	2.866
NaN	2020	65	-530.59	95.718	-171.49	0.73	0.68	2.895
NaN	2020	66	-529.39	96.616	-166.16	0.736	0.685	2.908
NaN	2020	67	-531.08	95.908	-166.62	0.754	0.697	2.985
NaN	2020	68	-530.06	95.707	-164.14	0.739	0.683	2.92
NaN	2020	69	-530.05	96.373	-172.15	0.749	0.694	2.936
NaN	2020	70	-530.74	94.052	-173.3	0.742	0.681	2.923
NaN	2020	71	-530.3	96.079	-166.39	0.735	0.684	2.912
NaN	2020	72	-531.78	96.003	-167.38	0.734	0.678	2.892
NaN	2020	73	-528.95	96.278	-172.35	0.74	0.68	2.94
NaN	2020	74	-528.95	95.618	-168.04	0.757	0.695	3.047
NaN	2020	75	-527.21	95.502	-162.03	0.751	0.692	2.971
NaN	2020	76	-528.39	94.532	-163.9	0.735	0.681	2.889
NaN	2020	77	-528.81	96.512	-167.74	0.74	0.674	2.887
NaN	2020	78	-529.42	95.99	-172.96	0.742	0.69	2.959
NaN	2020	79	-529.31	96.849	-171.63	0.845	0.732	3.24
NaN	2020	80	-528.06	95.165	-165.01	0.768	0.723	3.16
NaN	2020	81	-529.31	94.443	-162.16	0.764	0.727	3.124
NaN	2020	82	-528.16	93.917	-177.33	0.752	0.687	2.949
NaN	2020	83	-529.92	94.561	-169.66	0.738	0.676	2.887
NaN	2020	84	-528.95	92.509	-167.15	0.748	0.687	2.904
NaN	2020	85	-530.82	94.869	-163.49	0.741	0.676	2.906
NaN	2020	86	-527.52	95.489	-165.09	0.739	0.684	2.906
NaN	2020	87	-529.05	97.65	-167.08	0.75	0.684	2.919
NaN	2020	88	-528.22	96.316	-163.87	0.756	0.693	2.949
NaN	2020	89	-528.25	96.287	-167.84	0.747	0.693	2.951
NaN	2020	90	-530.66	95.999	-166.69	0.753	0.7	2.985
NaN	2020	91	-528.28	97.899	-172.22	0.759	0.694	3.011
NaN	2020	92	-528.85	96.932	-168.44	0.759	0.695	2.99
NaN	2020	93	-527.82	95.83	-165.24	0.764	0.695	2.992
NaN	2020	94	-527.64	96.093	-165.21	0.743	0.685	2.91
NaN	2020	95	-530.3	94.966	-169.69	0.774	0.7	3.02
NaN	2020	96	-529.77	94.038	-164.71	0.756	0.684	2.943
NaN	2020	97	-529.36	93.889	-167.72	0.757	0.686	2.952
NaN	2020	98	-527.06	94.175	-165.79	0.754	0.689	2.954
NaN	2020	99	-528.3	92.612	-169.09	0.746	0.688	2.91
NaN	2020	100	-528.9	96.143	-165.82	0.754	0.69	2.996
NaN	2020	101	-530.83	95.968	-165.59	0.742	0.683	2.928
NaN	2020	102	-528.78	94.341	-168.18	0.743	0.685	2.912
NaN	2020	103	-527.78	93.645	-168.97	0.782	0.696	3.03
NaN	2020	104	-528.65	94.373	-168.93	0.781	0.695	2.995
NaN	2020	105	-528.11	94.749	-167.41	0.76	0.689	2.978
NaN	2020	106	-528.77	96.199	-170.86	0.751	0.704	3.001
NaN	2020	107	-526.28	96.11	-172.49	0.743	0.686	2.913
NaN	2020	108	-525.52	96.899	-172.28	0.757	0.693	2.973
NaN	2020	109	-525.85	96.999	-171.53	0.748	0.688	2.919
NaN	2020	110	-528.94	95.728	-166.85	0.749	0.693	2.951
NaN	2020	111	-527.58	95.164	-166.77	0.745	0.69	2.947
NaN	2020	112	-527.82	96.043	-168.47	0.745	0.68	2.885
NaN	2020	113	-526.46	96.427	-170.54	0.748	0.688	2.92
NaN	2020	114	-526.29	96.913	-164.08	0.761	0.693	2.936
NaN	2020	115	-527.72	96.821	-160.05	0.757	0.692	2.933
NaN	2020	116	-529.35	93.512	-167.4	0.743	0.682	2.885
NaN	2020	117	-527.88	95.936	-168.54	0.751	0.675	2.899
NaN	2020	118	-527.07	93.93	-170.06	0.744	0.666	2.86
NaN	2020	119	-527.16	95.343	-170.63	0.739	0.667	2.863
NaN	2020	120	-527.06	95.461	-165.37	0.741	0.671	2.841
NaN	2020	121	-526.62	95.322	-166.14	0.742	0.669	2.868
NaN	2020	122	-526.11	96.053	-167.26	0.743	0.674	2.894
NaN	2020	123	-527.27	94.354	-165.39	0.74	0.668	2.878
NaN	2020	124	-527.43	95.92	-169.44	0.753	0.68	2.936
NaN	2020	125	-528.76	96.215	-161.61	0.738	0.675	2.871
NaN	2020	126	-527.75	97.597	-166.5	0.747	0.692	2.993
NaN	2020	127	-528.1	96.654	-170.12	0.739	0.673	2.847
NaN	2020	128	-526.24	95.86	-170.21	0.737	0.672	2.858
NaN	2020	129	-526.46	94.492	-166.68	0.753	0.686	2.936
NaN	2020	130	-528.36	97.04	-163.03	0.761	0.687	2.998
NaN	2020	131	-528.83	94.799	-167.4	0.748	0.681	2.925
NaN	2020	132	-527.16	94.008	-167.41	0.738	0.669	2.841
NaN	2020	133	-525.99	97.616	-163.82	0.741	0.677	2.866
NaN	2020	134	-525.24	97.059	-167.97	0.736	0.673	2.85
NaN	2020	135	-526.36	96.136	-173.75	0.744	0.685	2.946
NaN	2020	136	-524.86	96.879	-177.63	0.743	0.688	2.901
NaN	2020	137	-526.98	97.463	-166.28	0.74	0.67	2.858
NaN	2020	138	-526.93	97.329	-165.54	0.743	0.677	2.888
NaN	2020	139	-528.26	97.771	-164.41	0.736	0.672	2.841
NaN	2020	140	-527.51	96.711	-167.38	0.742	0.676	2.878
NaN	2020	141	-527.85	97.603	-170.46	0.742	0.672	2.87
NaN	2020	142	-528.68	98.191	-170.94	0.741	0.674	2.854
NaN	2020	143	-528.41	95.896	-173.02	0.768	0.681	2.889
NaN	2020	144	-527.5	96.658	-168.91	0.74	0.677	2.886
NaN	2020	145	-528.8	95.569	-173.08	0.742	0.674	2.853
NaN	2020	146	-526.67	96.953	-170.37	0.743	0.674	2.885
NaN	2020	147	-525.74	98.169	-167.93	0.742	0.672	2.869
NaN	2020	148	-528.81	97.863	-166.45	0.739	0.672	2.856
NaN	2020	149	-526.94	97.264	-166.45	0.766	0.699	2.968
NaN	2020	150	-526.48	97.203	-167.95	0.74	0.674	2.88
NaN	2020	151	-526.45	96.968	-171.63	0.746	0.677	2.895
NaN	2020	152	-527.11	96.608	-171.3	0.75	0.681	2.887
NaN	2020	153	-526.05	95.693	-172.26	0.739	0.675	2.867
NaN	2020	154	-526.85	95.895	-171.55	0.745	0.666	2.868
NaN	2020	155	-529.43	95.468	-165.78	0.75	0.678	2.939
NaN	2020	156	-526.43	94.97	-173.18	0.768	0.704	3.022
NaN	2020	157	-527.4	94.32	-172.07	0.764	0.694	2.971
NaN	2020	158	-527.48	96.531	-174.2	0.731	0.673	2.864
NaN	2020	159	-527.1	96.259	-169	0.741	0.673	2.902
NaN	2020	160	-526.99	94.479	-174.02	0.738	0.675	2.905
NaN	2020	161	-527.35	95.61	-172.83	0.74	0.678	2.9
NaN	2020	162	-527.48	96.679	-165.57	0.733	0.677	2.877
NaN	2020	163	-526.6	95.398	-167.65	0.741	0.674	2.899
NaN	2020	164	-525.12	96.079	-166.55	0.734	0.669	2.869
NaN	2020	165	-524.82	96.285	-168.88	0.736	0.67	2.879
NaN	2020	166	-523.81	94.819	-169	0.735	0.675	2.905
NaN	2020	167	-524.61	96.576	-164.45	0.737	0.677	2.902
NaN	2020	168	-525.05	95.203	-172.11	0.736	0.678	2.868
NaN	2020	169	-524.94	95.503	-169.82	0.739	0.677	2.893
NaN	2020	170	-525.79	96.155	-167.57	0.737	0.674	2.864
NaN	2020	171	-524.93	95.874	-172.56	0.734	0.675	2.887
NaN	2020	172	-525.47	96.157	-171.96	0.734	0.671	2.883
NaN	2020	173	-525.77	96.904	-167.45	0.733	0.674	2.876
NaN	2020	174	-526.19	94.681	-172.08	0.734	0.674	2.879
NaN	2020	175	-527.15	96.168	-169.23	0.743	0.677	2.917
NaN	2020	176	-526.3	96.567	-163.32	0.743	0.675	2.913
NaN	2020	177	-526.32	96.998	-169.12	0.749	0.683	2.968
NaN	2020	178	-526.59	96.797	-172.75	0.759	0.686	2.917
NaN	2020	179	-525.58	94.436	-168.32	0.739	0.695	2.917
NaN	2020	180	-526.47	96.776	-166.29	0.763	0.689	2.966
NaN	2020	181	-524.33	97.512	-164.8	0.761	0.688	2.98
NaN	2020	182	-524.19	97.645	-167.81	0.765	0.687	2.978
NaN	2020	183	-525.26	100.7	-164.59	0.738	0.675	2.916
NaN	2020	184	-524.31	99.392	-168.39	0.741	0.678	2.913
NaN	2020	185	-524.68	98.059	-168.36	0.735	0.673	2.903
NaN	2020	186	-526.09	96.731	-168.88	0.74	0.672	2.903
NaN	2020	187	-528.09	95.973	-162.86	0.739	0.675	2.923
NaN	2020	188	-526.29	98.716	-166.33	0.733	0.673	2.909
NaN	2020	189	-525.9	96.717	-166.1	0.74	0.679	2.95
NaN	2020	190	-526.12	96.413	-170.15	0.742	0.679	2.928
NaN	2020	191	-525.36	95.715	-166.77	0.757	0.695	2.994
NaN	2020	192	-525.55	95.98	-164.63	0.742	0.678	2.958
NaN	2020	193	-525.45	96.724	-172.54	0.732	0.672	2.888
NaN	2020	194	-524.86	96.412	-171.29	0.74	0.679	2.939
NaN	2020	195	-525.28	98.365	-170.74	0.733	0.679	2.904
NaN	2020	196	-525.11	98.206	-173.36	0.738	0.684	2.92
NaN	2020	197	-525.55	97.889	-170.24	0.759	0.687	2.927
NaN	2020	198	-525.15	97.525	-171.41	0.738	0.674	2.914
NaN	2020	199	-524.8	97.333	-172.28	0.738	0.678	2.915
NaN	2020	200	-526.71	96.397	-174.65	0.732	0.673	2.894
NaN	2020	201	-527.24	97.229	-172.93	0.738	0.678	2.931
NaN	2020	202	-527.45	96.033	-172.66	0.74	0.686	2.973
NaN	2020	203	-526.44	96.723	-170.63	0.726	0.683	2.916
NaN	2020	204	-526.29	96.52	-168.94	0.728	0.672	2.885
NaN	2020	205	-525.56	96.846	-173.01	0.727	0.673	2.9
NaN	2020	206	-525.46	95.429	-167.82	0.737	0.68	2.93
NaN	2020	207	-525.04	94.597	-171.66	0.728	0.682	2.924
NaN	2020	208	-525.59	95.743	-172.05	0.735	0.676	2.915
NaN	2020	209	-523.12	94.904	-167.34	0.752	0.684	2.941
NaN	2020	210	-523.23	97.133	-170.35	0.78	0.715	3.035
NaN	2020	211	-526.17	99.846	-171.12	0.756	0.695	2.978
NaN	2020	212	-524.15	99.603	-167.81	0.758	0.692	2.975
NaN	2020	213	-523.12	99.299	-168.64	0.758	0.704	3.035
NaN	2020	214	-524.64	98.849	-161.73	0.754	0.695	2.966
NaN	2020	215	-524.81	98.548	-164.75	0.749	0.696	2.936
NaN	2020	216	-525.05	98.388	-167.34	0.752	0.696	2.981
NaN	2020	217	-525.64	97.182	-166.92	0.763	0.701	3.002
NaN	2020	218	-524.56	96.406	-169.84	0.755	0.71	3.027
NaN	2020	219	-524.69	97.542	-166.92	0.762	0.711	2.997
NaN	2020	220	-524.18	98.447	-166.63	0.77	0.726	3.027
NaN	2020	221	-524.97	98.029	-167.86	0.753	0.704	2.987
NaN	2020	222	-524.28	97.439	-165.46	0.752	0.71	3.003
NaN	2020	223	-525.18	96.769	-165.82	0.751	0.703	2.966
NaN	2020	224	-523.55	97.945	-164.37	0.757	0.713	3.003
NaN	2020	225	-523.69	97.717	-167.69	0.756	0.715	3.003
NaN	2020	226	-525.28	98.157	-162.7	0.751	0.7	2.931
NaN	2020	227	-525.9	96.913	-163.46	0.753	0.709	2.987
NaN	2020	228	-525.34	98.758	-163.85	0.753	0.704	2.953
NaN	2020	229	-523.82	97.622	-166.2	0.753	0.706	2.969
NaN	2020	230	-523.47	97.8	-165.06	0.749	0.704	2.935
NaN	2020	231	-521.81	99.3	-161.3	0.762	0.708	3.014
NaN	2020	232	-522.88	99.294	-163.54	0.755	0.706	2.972
NaN	2020	233	-522.76	100.42	-161.12	0.756	0.71	2.995
NaN	2020	234	-522.56	96.593	-172.16	0.754	0.707	3.035
NaN	2020	235	-522.86	97.37	-163.91	0.756	0.708	2.96
NaN	2020	236	-525.36	96.94	-168.95	0.767	0.715	3.032
NaN	2020	237	-524.37	96.354	-171.49	0.756	0.715	3.008
NaN	2020	238	-523.48	95.737	-166.96	0.758	0.706	3.013
NaN	2020	239	-523.2	96.048	-163.93	0.75	0.69	2.924
NaN	2020	240	-522.95	99.323	-162.93	0.753	0.708	2.994
NaN	2020	241	-524.18	98.877	-167.9	0.756	0.694	2.943
NaN	2020	242	-521.5	98.483	-170.66	0.753	0.7	2.958
NaN	2020	243	-525.08	99.117	-170.24	0.755	0.701	2.983
NaN	2020	244	-520.68	97.361	-180.6	0.764	0.702	3.01
NaN	2020	245	-520.26	97.4	-175.57	0.748	0.69	2.945
NaN	2020	246	-523.23	100.5	-171.99	0.755	0.692	2.97
NaN	2020	247	-522.68	98.867	-170.16	0.75	0.689	2.945
NaN	2020	248	-522.71	98.229	-168.62	0.751	0.69	2.949
NaN	2020	249	-525.73	100.11	-168.77	0.75	0.693	2.964
NaN	2020	250	-524.93	99.315	-164.26	0.748	0.686	2.932
NaN	2020	251	-523.04	100.59	-170.31	0.755	0.688	2.969
NaN	2020	252	-522.75	98.952	-169.6	0.751	0.687	2.956
NaN	2020	253	-524.25	99.224	-165.99	0.756	0.693	2.986
NaN	2020	254	-523.59	100.35	-163.19	0.76	0.711	3.099
NaN	2020	255	-524.85	99.655	-167.34	0.76	0.731	3.199
NaN	2020	256	-523.47	100.46	-164.04	0.755	0.704	3.05
NaN	2020	257	-524.25	98.621	-165.4	0.762	0.687	3.021
NaN	2020	258	-522.99	98.186	-167.6	0.764	0.696	3.065
NaN	2020	259	-525.81	101.3	-166.88	0.833	0.725	3.179
NaN	2020	260	-524.7	99.212	-166.18	0.831	0.725	3.19
NaN	2020	261	-524.78	98.952	-168.72	0.79	0.694	3.048
NaN	2020	262	-523.77	99.656	-164.72	0.791	0.696	3.065
NaN	2020	263	-522.51	99.115	-173.82	0.782	0.689	3.01
NaN	2020	264	-524.15	100.93	-166.52	0.763	0.7	3.004
NaN	2020	265	-522.72	101.19	-168.49	0.755	0.693	2.995
NaN	2020	266	-521.8	100.32	-168.84	0.795	0.699	3.046
NaN	2020	267	-520.43	100.97	-166.44	0.802	0.691	3.023
NaN	2020	268	-520.93	101.52	-169.09	0.761	0.69	2.989
NaN	2020	269	-521.38	99.791	-166.54	0.774	0.689	3.012
NaN	2020	270	-522.25	100.3	-163.92	0.763	0.696	3.031
NaN	2020	271	-520.05	102.24	-162.94	0.753	0.688	3.002
NaN	2020	272	-518.89	101.44	-162.57	0.762	0.699	3.021
NaN	2020	273	-519.43	102.2	-159.83	0.757	0.688	2.979
NaN	2020	274	-521.1	101.06	-168.05	0.759	0.688	2.998
NaN	2020	275	-521.25	100.55	-165.01	0.762	0.685	2.999
NaN	2020	279	-519.75	102.72	-168.4	0.753	0.685	2.959
NaN	2020	283	-520.42	102.23	-172.08	0.748	0.68	2.947
NaN	2020	284	-521.65	102.57	-170.53	0.749	0.683	2.98
NaN	2020	285	-520.66	102.73	-165.48	0.752	0.682	2.953
NaN	2020	286	-519.54	100.41	-161.91	0.75	0.677	2.944
NaN	2020	287	-520.91	99.953	-168.1	0.749	0.679	2.953
NaN	2020	288	-518.73	100.12	-159.41	0.744	0.677	2.919
NaN	2020	289	-521.07	100.29	-167.7	0.755	0.69	2.978
NaN	2020	290	-521.21	101.83	-168.9	0.751	0.681	2.959
NaN	2020	291	-522.29	101.28	-169.56	0.751	0.691	2.955
NaN	2020	292	-522.09	99.945	-165.83	0.749	0.692	2.942
NaN	2020	293	-521.46	98.86	-165.11	0.742	0.683	2.932
NaN	2020	294	-520.21	100.36	-165.46	0.75	0.688	2.958
NaN	2020	295	-519.79	101.94	-168.93	0.752	0.686	3.011
NaN	2020	296	-521.93	101.51	-169.38	0.785	0.693	3.012
NaN	2020	297	-521.69	101.17	-164.95	0.774	0.689	3.008
NaN	2020	298	-522.87	102.68	-166.3	0.751	0.671	2.922
NaN	2020	299	-522.65	101.16	-168.28	0.751	0.679	2.93
NaN	2020	300	-520.92	100.63	-167.45	0.752	0.674	2.914
NaN	2020	301	-521.38	102.79	-175.24	0.753	0.693	2.983
NaN	2020	302	-518.86	102.25	-169.31	0.759	0.691	2.97
NaN	2020	303	-519.11	101.72	-172.85	0.785	0.691	3.021
NaN	2020	304	-519.25	103.37	-174.57	0.771	0.688	3.006
NaN	2020	305	-519.85	103.36	-170.03	0.759	0.701	3.045
NaN	2020	306	-520.16	103.18	-172.62	0.759	0.705	3.064
NaN	2020	307	-521.66	103.71	-170.39	0.768	0.702	3.019
NaN	2020	308	-518.75	102.94	-172.99	0.758	0.679	2.948
NaN	2020	309	-520.11	104.34	-169.28	0.818	0.738	3.096
NaN	2020	310	-518.53	102.78	-170.02	0.775	0.697	3.059
NaN	2020	311	-521.6	101.35	-164.85	0.756	0.679	2.931
NaN	2020	312	-520.79	102.76	-159.14	0.779	0.676	2.977
NaN	2020	313	-519.41	100.48	-166.19	0.754	0.672	2.903
NaN	2020	314	-519.85	102.62	-171.3	0.773	0.694	2.969
NaN	2020	315	-521.39	100.23	-171.2	0.781	0.729	3.096
NaN	2020	316	-520.82	103.19	-164.68	0.754	0.675	2.912
NaN	2020	317	-518.05	102.07	-169.53	0.767	0.723	3.067
NaN	2020	318	-520.1	101.45	-166.39	0.77	0.706	3.019
NaN	2020	319	-519.96	101.91	-169.48	0.756	0.694	2.981
NaN	2020	320	-519.32	105.64	-167.2	0.753	0.689	2.897
NaN	2020	321	-518.7	102.64	-164.46	0.788	0.737	3.123
NaN	2020	322	-519.83	103	-170.22	0.776	0.728	3.05
NaN	2020	323	-518.24	103.94	-162.94	0.777	0.704	2.97
NaN	2020	324	-519.38	102.99	-162.97	0.772	0.721	3.065
NaN	2020	325	-518.13	104.93	-162.86	0.796	0.752	3.074
NaN	2020	326	-517.8	103.9	-164.6	0.788	0.745	3.073
NaN	2020	327	-519.04	102.63	-162.24	0.755	0.673	2.917
NaN	2020	328	-519.54	103.54	-164.68	0.769	0.694	2.998
NaN	2020	329	-517.88	103.65	-164.25	0.764	0.691	2.973
NaN	2020	330	-518.21	103.86	-169.52	0.77	0.707	3.006
NaN	2020	331	-517.74	102.49	-165.08	0.771	0.717	3.083
NaN	2020	332	-519.2	103.9	-166.92	0.772	0.687	2.989
NaN	2020	333	-519.56	105.14	-170.85	0.797	0.695	3.043
NaN	2020	334	-520.29	103.31	-163.64	0.806	0.736	3.125
NaN	2020	335	-519.66	103.4	-169.9	0.775	0.727	3.064
NaN	2020	336	-518.32	103.79	-164.87	0.772	0.715	3.052
NaN	2020	337	-518.63	103.36	-161.45	0.774	0.705	3.014
NaN	2020	338	-519.01	102.62	-163.74	0.765	0.684	2.948
NaN	2020	339	-520.51	103.59	-173.77	0.795	0.709	3.046
NaN	2020	340	-521.98	103.46	-173.1	0.78	0.697	3.031
NaN	2020	341	-520.94	106.26	-167.19	0.802	0.731	3.243
NaN	2020	342	-520.48	105.37	-172.78	0.766	0.688	2.968
NaN	2020	343	-518.94	105.23	-172.95	0.767	0.69	2.953
NaN	2020	344	-520.5	103.95	-170.36	0.761	0.684	2.921
NaN	2020	345	-519.6	104.14	-163.81	0.76	0.686	2.936
NaN	2020	346	-519.88	104.5	-162.67	0.784	0.691	3.016
NaN	2020	347	-520.67	104.12	-164.07	0.763	0.693	2.956
NaN	2020	348	-519.79	105.25	-164.14	0.756	0.686	2.929
NaN	2020	349	-520.97	104.69	-168.66	0.764	0.691	2.915
NaN	2020	350	-519.25	104.21	-161.11	0.767	0.7	2.994
NaN	2020	351	-519.65	107.69	-167.2	0.76	0.694	2.958
NaN	2020	352	-519.87	105.88	-162.5	0.752	0.685	2.889
NaN	2020	353	-520.26	106.12	-163.24	0.76	0.683	2.927
NaN	2020	354	-519.89	105.65	-170.01	0.775	0.7	2.95
NaN	2020	355	-519.24	105.28	-166.63	0.773	0.688	2.957
NaN	2020	356	-521.73	103.6	-164.69	0.775	0.685	2.939
NaN	2020	357	-519.55	105.43	-165.41	0.788	0.699	3.057
NaN	2020	358	-519.08	104.3	-163.49	0.787	0.713	3.147
NaN	2020	359	-518.19	104.67	-165.75	0.799	0.73	3.172
NaN	2020	360	-516.25	103.23	-167.28	0.756	0.698	3.003
NaN	2020	361	-518.58	103.58	-163.05	0.77	0.687	2.97
NaN	2020	362	-518.87	102.72	-165.96	0.789	0.699	3.044
NaN	2020	363	-518.66	103.59	-166.13	0.757	0.687	2.958
NaN	2020	364	-517.49	104.67	-167.79	0.774	0.699	3.001
NaN	2020	365	-518.03	105.23	-171.41	0.767	0.695	2.999
NaN	2020	366	-515.83	103.22	-171.1	0.773	0.689	3.016
